096040001100060004504810390007950043030080000405023018010630059059070830003590007
105802000090076405200400819019007306762083090000061050007600030430020501600308900
005030081902850060600004050007402830349760005008300490150087002090000600026049503
340910020096080041008020070060057039102060700970030064450208006080090050603001890
007300405000020900253064870090740360000030080836209047100802603600000018082610004
935007008000308070600500490073004000400175080061800247018700000006080750750403862
005020001087350046400060500050900000070035410693140857741500608000284005500000304
007500030800230009034790860003004198048150003006023007351060780400310006070005002
058004021060853007039020005800001006003700210106082500670200180900400050080916702
020100006530082940800340005354276100006030004900001620090003078743809000005004301
093200080200085000080730254975800031000074060604503807700002048320400070008057900
086702004000500800154090237070905001029004008510600042205070083000153000390008075
070000280020006057865472900009250064040019070708004009300700698007901000590028030
002130748804000002017802600068090270093200004500460300009024003006300190385001020
904603001370100206006009304001300905560091000820004610007900040405016700102007508
469507000038094500000030489300061940080470002701000800010050090850003601290608750
009201070070000002542083109790025006000030907803600200017060495980500003400917020
071003005630501907090670031760020040500960178010030002056019280000006500042300010
814500602007942580000100300000070000286400730470089250150024963000603000302800005
006200030070000160410657080062900301004002500190065840000530027720080050309026408
000908013600007020491503006009604008014095360086300100100080607960751000870000290
050007603030008900907024105600010070301900560800705302000000701713546208500870400
048000065000037204210405000600170500950006140102040730301084007070291080096000401
280500074070020500500306908095080000037400209020709103000100092803950700912640800
506000980780060003090187050260905078050078102100003006940052001600000049800490025
000900604096430080380072105010006050608509300053010240009100000002890567805203009
017005000800200370250076018070590031084620000030000264305062007760009502001450003
401070305000569024056003000900004600800390700740601230530810090100456873600000002
070080940000406107914070003001900800897053026300800019562708300000009061030600208
305460020000030500408201730053080402076502903009010005602004150900100046510306000
405218003073000050020300409286700000019050078000082396030009081042560907960800000
425001000090300051030059207060010008904280506508064002709042603340090100006007020
000003600067189402048600703630200904000050030082346070490560020006002040800790065
000265093003070002652030701009056004501042076800700300980020100025407038007500200
053806091790050300060020400628007104100068020000201608000600500286030009530710062
600401000920630081013008204801260340002710600040000020060850032409072000230006790
000080040806040192014720600009802400463900018700060039048005700001008920600014850
025000708013208500000409023030010906009820300086043250050790602001000035640105800
960000380002380401031450060040523870020000100380900006408290010000047052205030740
300800400007054002690700510019487006003260001540000807700609184060103005920008003
005930007003008049680701203100800506040306010530029080760200400301095070000680301
370021540950604000002080193040500008506208039080007600120800367035070000600012080
526079000170004320000280056090030164760452900030000500087000005900120047012045800
601280430003700000052600901140020600009468502520007340000006020805000004207941056
075813004416000038000046700600107089530000007087654300103400800700002003020301406
390620481001004003500390000005900032023048005670050048430560000908402570000080304
300960000008100600064003817200030001030605700705204963092470050050390078003006190
900732008000000302325080970407000026008429037002806040260000081500008060013264090
900080270380205401020040030005071093870560120410020050798054310000010080050800009
060400007130925006002007153810076900070001802050030001601090570920700004000154029
600002090890503706504006301930057640005260008400080007200901005357600009080070260
958006004004970600002400890046510709007069031310000020063005010705102008800030045
005002084140060700207504091032680010000045038850010400520490870090006100310700020
003948001900030070014070098002000800480012503300506420140000986037800100800154002
600179420070600093095000000316084970009001030700290160830006057500300080900807340
029076140400028000670400528250940030084603000000000456560102074040005300100090085
085029007602000050000548306906000780450902103008460000574810002003005600200094570
095000000080360279067082400600000003002601007931750620800070932009820140420096000
003020004800356297059000600432570000070080920090060043900034002007090086604807350
603410950009307601100600000000165704260900800705008190030500400814090002002840310
600041000031072456002003018100305080006400170280007640400200500305780200700504860
002901405060400007904608102005000026180290074040086001600520700008300009410860250
060231098001040200305900070030005400600103957508409000003014026010006305486050010
080600570740019020290005001504890710000000094960140008450061087600058002002070960
013900075090501004020470090587040010000607208206019530350006002800700009009085063
146980005000026470080003100300875040705090001020001950002709580508610000409200013
200401000387009604500007928002810570030005096670043080060100802000500069859360000
008027900750190460090050027049270306000040019210300004635004090000060831800902005
800900701709034000050007932370020004100308006900001023690583007031002409200040065
607300040040065238052810000820500000003200085460190307004080100290600073510430090
813406007090000040000071390205700913080503060060040008520037180908102070070004205
081006009000810006403057021048070960007349200032001075320098000000100002810400697
810030067300865000500070820080090200203708409095640300050080030000300190932057048
600140082000702300124080705901037408300600109200090600000800517810079000750310800
049005167100020008070601020502000070700518930081203600807006019090082700005907200
500009042600400050240875100830024071050080009072650030300016007060008410028307005
048125730025000048000804000460901072800030400050062080009750614504000007076203800
723058460400030500600400710072304905800010236090200000900501302500040800041090650
800702010260130508004900600000029100618005020029080046002500437051047209040290000
000680030670090281310207000000509300097100608432006510001730402850400007020905060
390420160010098700700006034000802079820000600407013820950040087003009540008705200
080000930060738201134620000070006092090052000602307085028040603006073009903200004
590708103013902070000000085900040850058679002600000490100000009380097560760305240
210008006750649028004000003400003019537900004100402305802104037940000800300890050
003687049060009208850400006600070005048095160930006007080000050590314002100908034
043602178701050002900040030106005200000128506850900010684210309309560000000000061
008065049970003002051200007000079201732010490100640008017900000080430605003800914
060010900104029560390075100603247090000000642401006700049030000000590400810402359
000008001001950302529001700740080009900006073280107605490730106007600020100805930
060041528000080009481209600900805074054610800010000305008003050270060043090074201
800090060405000007901547823109700640040659000300001570010904700600200094094010058
032950016540102900100007502004286135000300000328000069001000054700028001086590007
030570900762801400000600017015080230007009065090215004509000008203050600001348092
000029043900076000253000796020648007034050209006002405070803050390000871060015030
034007065009006280502904000400590008008040090791002503940210800300070009006430751
061040080050207093090080020736920004089000036000163870042570060003800042008002910
090030205005069001213007040306002009750046803900003700804095030500608407002070508
006002709090008012108497000000085291071209560250030000900070035600051000015900678
690152800007000006030079410915006080006301950003290004069503041002810000300007520
817602005005001680030005012058070049390500006000409038109264003540000060000007421
020095640006034002014007035040306189680042000900080020008600250079008304100403090
005017206300902500210600430060035920100200063902004050690501340403790080001000600
508000900609508004400931680200307109070602038850000200090006503360790800080420700
005700406010682700078000031300020018140805370087036004001250060000008000562070843
074600000030100760010508349092061030083000071100937006927006010000709520001402090
205001080006070104090283060000518070583000600100096048950062000010800496008430051
400100890070900415690480000006041700300700560748500120100000038980607050203019007
105008600800700150030156240012800970008509400907420300000902800694300710200007030
283010060000072300700080240000428009417060030020000654079200506060700020350896410
010009500049605013802031090024006078130058200006702300070060009390087460400090002
002309640100008070304705810037900100020007090601034702005000437206493000800501900
705314200020000304400200050070043192390152008016000005067800503050007000043905701
800093010970045080030006209003079800690520007700300092460002700300010648107604003
020946300405000002006850407700093008001008006630410509060175900579200603080060200
530004900010029080040073015100200050300105740465900800071000594053401600600058100
098640010350007080000800027006429070109070560403500800030180750907254030800000240
009800625203006000060402709600510007305007861720609004006900003002175006540000012
200500406065010009407302015609854127024030000008000064001975680056000000700001093
300049760019002035600035000060001400903260007570004028800020001052980070704510086
002030009608004700010806503104258006700003010086070290450709632000000107273605000
986501472205007008000608300090006514001300700042095000403000250807450030500760040
000240608482065013005800000090103204641500830000096001000927400208000307074008106
670005928209010000300069507130000249040921050008050001800004702002076084460802000
097200803400100906060305100079000502604520710000087004040800000020031078831002495
002010075600020103159630020001408509067102300008000012090080207080040000013259086
001849060300500000609100748076901305005000020930058400200010670167090050004780031
740900000000010460260483705000000193052100800093748050805300901006024007074890006
637018095005600040002009007073061004020900063004307580018200056009006070250704009
300000050590670430800935760008097020740086095900001006070800003086203007053700602
980025001700010548031800002340102879008430000600500320090250003820001406006008090
040602370005001209260003010500870600600000957790506008000167093106000700079420086
080453700050000043403012600031865020004097005090000360005700400840509036006084509
000305004405008902280060030090007508002800300648502091506089410003070000020150687
200467931900308005036000000602783010001006009403200076008634107300800602067000400
050472900090500280210000060730960400040100672160047008520700800009080005301025709
703000001005920008400170026601009052500067004200008073006350280817090430300780009
900000005706590200520016789090040007054307098370080004807109050409000030000064971
890010002000703680706209050083000096040967008070802405904070063000690801068300900
050087326310006075706504000001700000007340900409060751142090000890605204000002830
060104907910250340040009050103500004570302091009600030000967012001400080652003009
603900740080060010001502030160035009390700081070609054510390020028100000000208167
004007015170600800092140030009002083408309620306008500003750004540006198200004007
019430600070908401002000087260000504095042800080350209030080700120004090007293108
500380760601009050080006402053100049000045006026890017130050004065401930000630005
050000100040508302071902460708009030004803006036020807007201653205000001103065020
070960130026070900001028500905030724800400010240517000104009200700000850080753490
007025800402830079005004012603140008020600007100207036036400090001502083908300020
007005000526094178900200600063002097002150400059700002200040960078901045690500001
040058700107030809509200300001004030890600017034517960070002504406089102010005000
060741809007600540094500070000019000410008907609300018071906000045000621800104790
570012006910000074006704900307108569800400700190605000050031847000000000721840053
600890073001046082908007005800650200006000010015230697000000000150062800209483751
500000260680320907029046005700894036905007400800003019057018090090030600003009802
210008030003071024800060005562100000000640150100290768020709080780520093390800006
030000001052071936010309500560090200900702085300604009083040050005803090190520068
980000105102390004000085009097630502200800006008209340070500060021064703504003098
007500204049270081300400500930705000804009056050804023008600400015047090070902605
150040200780902054040007008560703901031050006900061040400608000007094065890300402
074100360200036080006008021900070830507802090008090570100600007425080010700204958
006000340004003000032745806309420000020078600068000273087900502090560001540802069
150908600000004200409705301008370006001059032290006074306500420705040903000203005
270051040401809507000004090700502006652307009004060025025010078047086052000005004
082009400400060059060047002035086901206000048800123600600204000340050006020608594
804009600509800030200710980090520108050400200042001307000200810005170009481093502
064002000001003085500901627006319502050067090079000003930006000000008036627035948
870010000029043751000705009730050090006100085250908004103520940000007003540091068
000500007607803002095402308034600270860790500000204006010008600400920713320057009
180009046206815370000000008004000007062083005908567023670100000400030751800704960
670080900080369400010007586960748000040950168052000004098000001407890050000034079
000180405005000200613450009104600800007004960200801504071243050302060107400007302
201495307090720180400000009902006050360070008000254690754019030023007900000080405
040801005190504378605000400800102790970080100206300050709000001008716039500098040
090108040400500210102604030040800970209716084005003100900301750010009008028060390
928000000000084005045103286209807614051006070000420030680300901090010400017609020
506200000000600275201830900050010620002768000684900017020003764730096100408007500
065920000002603501930000264078009000010408005090702318629800700001500420000297080
200006370073192040004030501700960084006005900032004105057000618000451700120080003
400020030075831020280009517007098200390065184008004000009103042630050001700006050
095182070820000591000054000000503002037018940450000310960035427040071009002400100
508009231104350007000008600002400008019030720040921306030002580071580400280004100
743200510280400030000830007162370040000900653305008000029183760600000300038064200
100008400834609720060120093070035269050040108203001000000500010710296080028000605
050010000206003100910206473500001726030697004704020001020004007070100549091760300
780020003900080510300594600100805024040203007027010830098050001070901080051600740
005000609080591700901026508540000060007009103003267950496708305050002090000940006
100002600800070104904680730400230006037496810209000500390160057700004060001750090
090004020030562970207080060000058196071096030960010000086900200019605704700031050
045320080300006054060050720000000060436982571008040300804290000607000839010068240
070400160031200705060103080600009201059740030007310900026080309008900607304620010
239001004070200060600907280806079012000006400701003806482060901007090008003140720
800002009200008610694057800950810030020000500007523190039201004040300900760090381
650000092240815600700902501907430080100720409003080006800150300012040050004200068
975002640000041029002096000000000083823650900050018207208903450030060008094105300
803040152000020008042850300075496800609008040080200076000980704920030080038701500
206951030007060410180000900020407003460502798078090040730040000800073069009005370
082051407706040010004300902070020006008003000429708153807035600100002309290400005
109508240046010030500009180302000900004302801010094300005071600001640790703900408
000010056390002841816094000023108000009200087100907630482050309500380270000021000
020801346940750200180000070300010065050000804804635700208040057000170428460080000
039780400008069050710000209003610508047090630085020900004238105802001300071000004
001703908708005063302080010500009040003208500420500831800600390270090086030854000
760900058000603127308502000153027069000156000076000540027300906930068070000700080
701036850940082017060009000070600500050901008182370064090053006807064105010000020
030058060040960723609070010004002378070085040210007050006810030001020590790036001
002391007907040501010005003470510038103800072006900050740009300000030010091620845
002009670089076002700015803008104706000058304451700200005002407040690120620500000
305204608000003250120605000083560900004030070507401023796050400830700060000306089
040080030832671040070200106750309408200050900014008305308507690007860200060000003
004900307970340082108700000240650930050894021009000005310079050605103704007000010
390085016060030700071060080857002030000057860603009540046500001100073095700096008
030064008089005702100820600500009006864713900900000304206300400000080230018492507
371806000000250718008100003620900005510328406080060100100030047090010032034602001
064532970007080000002001408000670850043009712085120000209060005310900080400210039
054070008097308642060009001681004250300802100002500807506247309030100400400000005
090671005700090060160003809082100090603027104010004002000460020526009307809700506
760300409100400800084701300300010000007530298450087100000865901041070082896000050
370090025045020000200058310090035078750080040086200003037960002028503490010070500
050072400301004006046100970928000600105840709000029005083417500092000040010203067
970810200280006170040700008008605300020040080604078021462080910050000060300264057
800070509700482360134000070247105080300024006500000012078240100053800600400500807
070002040091306502040507190007004800403600901010839057030200004520061030004003280
087004925250930004001500800670001090010270600509040718800702060700005309095060200
507600310038000009000723800080001030760430100100805946050140200490082600300050481
006403007940060203108027005000542300683090002025080071300108500502000789070250000
050000940306491507014008000643017059007600000080005306060029730070036010831700090
090000000084072015560340098935128400010030050400000231003000082600807100840093506
000300720037801090890740610160590074004600051500104006900206307700003069350070000
904025006100490502005300104036004019700010308400832050300060405001950700068040900
906008753403005080020130040309001060000200800650809130008500320067080000530912078
805600000072950010060300578607003000000470809109860035210705300006000002090246157
501046090400002507807003604304209000690000040000460359000051070910680405785020001
007105000340007950506940310030076400054300071900450800000060520289500064400092100
076590302000807090052003008380910600290700184060002900700100800509208060600300271
300790205800030701670008400107360000400270516026050007001003052009000070208547103
000980010701304000098010532082536470510009008300000020069078000057290006040005297
800036000900010563560070120650407091002059080019600050090365010300000006076802930
020485361650900800080007009210803096800090050500620400008100030302506910090208070
508002900207409680900006102742001300091057006000004810603040090400908063070600508
032960150100802607076000002600475020720081430500000701950706013000000080301058006
081000920007825040026090570045030010200500096860402300038209000900600005600307189
100720008325000007000316520081507900050002701073900405032860159009000870060079000
810490206300002148004801000002900360030108020940006507400637810060000034173500000
108005007560849201000007850089720065000083000310900702234090078800102690000008500
384009020000013700001080094806320000400065800910008263008057032260804507040100600
378060190090010000000058207815009300906205070000080549100870056709600400080590023
027050300090603045304017002908030420073002000040708150000205804080900031462001500
010802509738095040000010607003041000056207094079080320900000005360459008040100960
038705000000030085016084390000009200250806040160020850005008002601352470082100530
027004003306001052050360900280006070010450290079800001035648120062000004040205700
095000000002091785010756200000840007043000960187039050970002301028160500300004820
942000080860027000000049612304002001008001230006790540085000120000218005027530069
907200104006079830003006000078092000069410058030000926605700400380960507001300092
030106908087900000060008705000001204071400096043605100008507360010002009356809470
007590200085300910602008050003001096970065800108070400801409002200087100046030509
080016400400070069607400150005100200000700080964852031706301098003080007508620300
209061050870040090000900832010034900300526470047000023083007069706450310000600200
607200810000307460038010020006000302205401600080960701801043270060108000450700089
098000201063490500000138006706080059902043000030060804310005090050624710600300405
300190570708032006590060008809023407030804029020001000900206700074305900005000342
803005709056030120009640008900700600072496080001000407425160003007820945000004200
850041026400020500100600840908105730005070910200403005080236109510080073300007000
100005023325006108000031006007092300050100047634508200503019002090620030001050980
000070540730402609048095000950810700002003000300209865090038020501020306800160950
086351000940000152700009680030090060004830900807016230600903015401005097300104000
005080302804015760090760500060302000450008623380070091008050000026930104040800906
274010350010000080005249001100390800608750900090001726050804297789120500000000100
020060308036902400500001260689000723040690000300720906400310002902080030100007859
308000016160953000000806793004508000750090830083760059070001905040025300031070002
046210590020070100010089070031000800008154329902007060000040015093502700084001206
003050014001680009850001072005026037976305120000090400000000206020903500518204093
010835460603400705405090030047501308051370090000004070004080916039200040006140000
002090006080620034509047210030000102458102700100906403000013020210700600805200041
019800000030075019407300208090067340045020060706001090900250100600003070183704520
052100000140260750000500241920001874476809003000002600000000086390780010268910007
023540890080170036004000005307000160690304200800697040000005010901020084036481007
907200108100058360085300070000000731340070000071835096010927003700000025492003010
008041930370906000906003547801000002460010709500389100000500408680000200702138600
067390400100040006008060031002058000351020849009100520005200104806013090904570080
009310084803070069010009000430780050180003270900120408008200500540607800290400013
020009000490050073050023104930085742000004005805710060602500901010968500500001480
500400070064308092790601008000040027020080004416037085600020051205809000800560049
820003040001040805500861270038020004670150300010900027700280401106005900009016050
000060503506830000743090806400300907201509048070680000690050082300028160810006070
040800031001039004067150208790010060003095072050470810000386125036000080018900000
040087059913400786000010000400053008078104502090008004009032647864901205000500000
810700050007239000920080347005000800270094600430860720700650430080002500650900208
508467310003008406600000080000040690065203040947010005030684750751029060000000023
182600390607020000000710062570006020000035674490201080060100058709480100010500209
908042760407065002600007900540670300700038205013200600006704021104020809005800000
090050020470160890680207013003009076509041008200300040120030004030005960054072300
061007802390001400000064050040036180103500706600018003902640370070820600036070004
309004020004003906650097400002005687860720000003900205906010500400070103507049860
000719006407008093096000007120030674040290100508470009952140300300900050001500940
080910350070054820290000004107508002530207106020000005600745008750029061002000503
100845902870109056002000000085063720000090803306280040030000600601078095700602408
864513290010200000300070406009627005078030062206008030090701300500300079083040001
009100506050002190401097003306000902004601700075389060090475010038000240100008059
100000000043600700008173649054260008800030270036807090480500000001706450075042980
005034089600005000082006357500801290910050000060340815040908072820060043009003008
809100650500804003030205007057400391200059700304010020780600109003080070001570840
400561020060800504308040010730400102106000400500916080020603001015090008900105246
000408150506300092018520000280910040304052719009003008005197403801000506070600000
002400005600030090950708640287953160001600000000001203705380001006240538320100400
600000005052107308008065097030050026724013580060900030080039604040506900596000070
780010000060850209009200086530040000000760931197082060600571093003008057075600002
750300000008570639200080500580091006904000010000748903090006305840953760305010200
980100006000024130031009040068047020470000305100390064542000607003450890090712000
300541008059600071001020003004916800915408000006000419708200130093104002100800060
306800009108203006020060031004007008890500062503980104402050087000400900789026005
005000003690237400300508709807003000900405872050780090100002060520809004009051287
054070108002060700390801650500680017803002000706005302200438960038000071060010003
000001087068093421201004000000830910810002003407610050004000200376925108090008370
860010700000708030072003105215060890000257301030080200500802010000500048648031502
450000090100700085802539004200600003500103906609200800386002150045010207000956008
090608003008002100210900087030275418800400000074000302080040270009307005742506901
370150204002084090040002301084200603096400012100508040850743000000006579207000030
001004030020130005408650702207390060100860097003040520310400079040910600060073040
800034060046009085020008034160900057002470308408305000605047029019000040000601570
007300084040001053312540070000100840501087900704090001420800705070060490805014020
327058060000320897690000300056071043010000208702049000070400086009002004063580109
057400002001730948084020000809504020040900051070010400408397510105002307700800090
130086507060950048090100002910368054006000000003410806605030000800690735070045020
009070052740095036580306000054609203806500940000047060400051020608000300005063704
090320001002087500084010907058093010020860005006400389845070130000106750601030000
960540203302900706700030090020850610095063800800004509604100008009300100010098062
406002100203617850010030009030000208048509300002370900001003502080256090029080063
459000080007004009000952740305001090004307800902048631246705010700000004000406278
030570460092060008400900030140700092085020043007304600500807320208035900304000805
460302170571600900000005400205041700103006892090200004030160250050023680610000009
000900308100023060839170205006030801970018500210509007380090150400005070060240080
160450002000000040904120856800032000001094763340070208600240980085910020010006400
490100705006509248250400000360290100902004807500060092745610000000040071001900420
006198200013006780009020560004701098785009410000002005007805103052900040108070050
230001854009208003014500007065080100007100000100307496600873009570004068900005701
002040598305018000940020001031079080090005120006130907509700230600203009020804006
581609200020013080000200405800007002076032598030805004004000850318750006000901740
000400860342000010610925740000390270200000408879042005703584020020000304904010050
800020607120060308004380020005010063000253010431009200300705890708100032056830000
000607100407100005130098740000305890379800500052019430040006308023980050060400200
603479150401020730000030800040207005062800914130006000008004503904080600076105400
034086900700002048902010060000300409240608000371009506607040003810203074003060015
090060085403028007600709003006091004020007156301206000980072041200010800160980030
062983010503010902090007306030091425904802000200000030681070004040500160000106790
800109350073040010061030020005394780306000094407028030004980061008400900059002800
000301027921800603070502000089004716007036009064900200000623040030400570492000360
023500400018403025070060300506120700000906841049700002700895000302007158054000006
090001052501026008024035009130000067259367080000080003906702000300098070702000196
060008029703005060020610403201740008006002504400106230804500102600081340502004000
640290500005003620230600004903001006006809070080460103000000700307052041824016350
530026409000900201942001000010009700059407832020080100176034000080190604090600013
310070000800390015040080067004001002280907540900046081023009804400713020096008003
697540300803000410000036005040305007080007004730020981060058100014063802008400053
609508010087042530400060802800357100010000080702800603208003940500294060004005070
000081002608400107230905086460200710000716300015004608000000801870130060104069003
080700009003204600401008302045300000006051490010460253100902504274000960009106008
207801409060030057050009000085006100316400098000518630003000080040680013608120905
020861300009000015180053007046009570200070109070520400407085020068004051010607040
580409017060800030470230090097140320002000900830906740000300070020004053314570080
081350690075014002030200001300400968760509000009030005807040309003790106506080200
610005203002408000004601798790860500050002687020510400005740910269100004000200060
000403076246008100900100804800006700054070638700031005601052347020600000095300201
104070090002045100980010407000124060006080314741030005500001000060052071019708530
040070500090058006503209048017530090000001000309084217080000435920306001704805060
860937100040000076002401035080005000204710058019003240400056703100090060906072080
204073000730060920060005043006001207803002400190754006509030104680540370300200000
070592834009003060532400000200670903090000000064039285106000308007001400020856790
908710064004502003002600085601004008040120700080906301030460002005030610016090407
380102605400000020050903001004600300067309510031084290078001060103206700020070109
002306007057010643068040100280030510030104002109600080090063075720050060500900038
640001080002049760050600340490200010720005096100094050870400120030910570009702030
900600051005907046018500070006309408053008092100070005360895120570200309000001500
700030108086079050403068072907801025060052890005006000000400007300015080541080209
902068050084250691000100000400980000098700304001005087009004175265871400100090006
908406000301000620005308490000040083730805100094100207000970060257004810109080304
019700208038106900400002360004075100902080074005400600520908036000010892890067000
029705430506040009040083005005006740304000090702894060450600007000578214270400000
950802700400009002108540690000006300080070061567930420001000049605190080800704036
005000600106084020207960015010756209002001046908000000080205160501670030603010052
006120340140005008070004010000009820700302091219006050001400975507200604304567000
000529361003000000659730208095380010300100500200407083500800006904200030800913405
706280005900005023021003004410090056050106309300070008004029030203050001070031892
000502060200001000354008291547026018080150900090300640800000000031860009905703486
400860157576030000100075603710000082020708500089150300003520800001000760047016005
000003020639012500002900063304075010007196345061000000705201030900037082200009704
834700001000208009206500730307890002001607003608040905519070000703080010000056397
003640019406910730090002000807300100610874350040009087260503001000001020105007940
103850002006007500500042930805300120001070600420681009004000800702509003310068270
400000761001920080380061000903216570010000600007809013070130240009078030134090050
003210007070005840605700203708001030900006001056803920064350002017002090009087405
000730040320501009786009051019327080070000103508010007000904032247100605050602000
009714560710005004508300007002030009803270000074100382007081006095047010680000470
805070031400030050100084700300090048001360005768400013679015320203906580000700000
058630901600700000230009047003007000047068290010042058105090832089270406000803000
039061728108503400004009300900007043063000075400318002240106087000004500306800200
607501042851002009000900105046000003000015080078093016205079000083264501009000320
903082576000703009870000100098001364054007081000846000020070038046120900007060012
100040200320870419807100030200004107600005390904380000001400700039052001402030956
020150700010003408743890060670910345030700800008040070004589130307000002950200600
742010063050260000800400107400006802501008006600970301310502709904001205080703000
709380000120049073000050901008263019230004000014005206301090052007128304002000060
007960350190500060500008104000814070405090806801007430084000023053086001010430700
610043000020600079390700164031200008000058910980030042009070081006004000873012406
508006020692510008000020604000082715427005006800690002230748900910003507700000003
010000748630948000008007093741005360000691475009030000100000230003016057054073006
040000827031007040800426000107005402000010070923870160590143780304090201010000030
005000000400067938078904010001095042000001059549700080820406105900008463160309000
001672084070040003240030005007104032030907061612050000093005026100096050500010097
902630000100805672068000900027009000351400098000013405015300200009067080604002317
210750900090040600607903512080024759402000300050807200034502000900608430060000820
200085017580014302600000040006971504079002100105060009000030208458720030002100406
070310200641900870500470690005041930100050020094800010052063100000004060780190045
050230089730006012060400000645719820000063900103000067006078004080100306027090058
064050001020809360370060280006541708007980032950000006700005009001097053092030040
008519047075200039106000020040703815003604002907050004034826001000000480059300006
700080063308709001100040087000008010936107800080530790610070009003000070027693145
725648030000000020080050470050020690309010200800796503006180050078000009031964082
945087012003601080000050007029800700768520090000076023007030058502460070480090030
008796400700000006029400187940080573000004061310907000495160008200009010060073240
002500108000310500415607030020930001501460309080001045006890010740006003009720056
003000000690405310001907568300200700850760920072054003240376000100000870005800234
004200000030005204702493850306109708098600000070340160000002091400006080951780602
001000002700430800903820475105968024046003590009000000200040003030700208517302640
036010020072030069010250430160540700804007600700600241040065910600000000091304506
504000276000357000810020003020080530003004608781563400000600009305092180240038005
006089053039015024200300000005072008947803005000004796010007400092008501600520930
500087039098400700370100480089516043000020800601000590003904050900200308250803900
029005007047390281008007006100009400090243705074600039405060073002010004700034900
570920800003087915008001000209068030850302400060000081042036750900000600706205103
004865037002017604067000900901000000306529741000370060210050006650080302000096108
001000030302168000900034581407051090068340002090080654600590003230010070700020809
809036120104900003007021890000563080530000010906007052003095071600070048790800006
000008402458700300103540007000010073761089000930200068049870601800920500502400080
030008074209000500100563082852700340000005000790246810024630708008092600301000020
300020009190048000870039564500601040400302801207050030720005008030207610008013002
040702010002530490950000730280070063005380127700020000003000004007013056520967301
825047301360001700000300062000700483130086500508203000700062150602570908900000200
026780003008030600370510208000000709249800050630951002563048900001290060000300804
615480702000000010720015480000194020248000009070802045000240000006301208182900370
917006280026900504000021006000140300850000100073862450060207930700000021209013600
034790012000041000908000574005400100342079605000003240070034021501907408003008050
005006000030048206024700908490203560002090040510074002040530670006080005250407103
260000800080009270930128045006000904509034700801902530450017060700090400600200180
390540680800130049021006000285003104100028906009010000000061890010000063673809010
060030094080005326410602000090107500001000038042850070820370610030081200150004083
032810540010040900079200860008005000950000418120478059003900084080304000704001206
010450300420000050080630210809003001100740580700806032090064070200090460046308109
004000530082310090090507120050090347901005060430078005127840609300020080000001203
600000510010500000708621304405000068026045130001276400002708043107403805030000600
000783162008025040627000300006010270450070906002436008080050690003190400509060020
080030902063200080090501760050016090840005001009023806008060509900050018035198200
031068200702005060000003091025970608860020057000056020150000400003017082074580016
380002605970436800010000490409008200050204008020790046006005000190640750030809160
230007005004560207010002600001700500980120063023900081152804300000000100409613052
030000589082193700067800100006500028200078600450320900075081493300000060840607000
082056700000072030705100029050620070001490056209700180640010090590800000020509368
085290104024708000100000682418605209000032800070040010000580921042960000901020008
002000370700392100064070209000800000079405002083009561001567920230001005096003014
020038609060147038480000000094000325032005010000329004206780490908003050001050860
540089210301060400000030060678000940050607802000804006092056104435078620000040300
754803026000065000001000385200008649403106002068504000139680070040700200007030160
710000945400008006200514000127400003000180002580300170002790030901040528350820090
930041007000900024048005301051309402700000080060028509100030200304692005670010038
340500019600427508800030600007094201086000457104705000419056370000000005008079100
640700830020048765057300000010096200078104950060020010700681000006000148102409600
030008900058003060104920837001249083009030001340000709500070096006804300403050078
006050300087360050005108260003407126700003400801096000509000070030075801078920503
906000002002789600003602094205100009064970208000006073007001040009427851541000020
764008509100075000300600071600807004098204367410050000850701002200003080940080703
018025074600009130054001080001504600403008750005290300006042800109050003002803509
002538604590002308304000020008079450045010002203080061030700000450063219600900030
501000049740106058090452100057003860080670300004900700210004000005830412430001070
007000001500360004086201975053102080870500013600030700400003100130920007029605048
060900040000468200429000816980601720301025690000000100040090061210504970093006080
180205760020700010006030209610070800400009005908023476001950040094307081800000907
300129764040070005270000900000050643034702001059360200090500000008007432763048009
082305670005000008190470200607031040008240006041500930564020089800709064000004005
100030508306057002409608001603285000010006003700000685201860004504702810060004300
004080060150270930002900801005198600009700380680000029500800496903620000870409050
601000009070690003250803460014002008900086530860904001140008970080029100002400306
060000040504302706007065003301020050800047301400510890700038102602150970910200000
400058120537029000002000593300900640000260000629003051873040006204790800000036074
860530000003000956700206030008620079075109680002000100130052760506078400080400025
000006003615400908039170600401060705008040006700312409083200060064730802070050040
304017060007020500600300071790560008008092057046080900205900103401230096060078000
708000340603041002000763001081394567040500210037000000005018704009030600824070009
007290601310074095200050070801000700700030912020716000408120009105060803000085140
600020940070005020320170600863702004410930072000008006000000730130057400786390051
401207060300098007800000920500002000704963501908005230005100378130074000200350409
908507010403090057001086200007000100006701500309820046000078960705003020680209071
700369405003500009569400082800200956001650000630007104328900570007108093000005000
005038002004502008382004750023709861090060570007080000000040129130025600206900080
013090400650402730007530690900000162300001000570269003094105000205000910080073250
000051643659002000304807090000005001725003960190074002040700020060038410580409006
270080640801360002005902100300450020100020056527609004010000060600807031038210400
103200908000609107097081030431908720000002800208003600005890300910005280306020009
802000430300586090090030180083900070600812900100060850900000020427050308008423709
070060508405800900800401072000600030302794016087030029508200693061089054000006000
093200010700096083040053070080509060600010894907640005079020008004001907008905041
100060430003904010760003020372019504608047300000005206800001760247830000900002043
000391042027000013019200050760010025080540030045003007200109504800750300571000208
040761800806005700701800365602400000107956230000070086204508903008040002300600008
001023000042070958050089030510708600009135704470000003086302147030067000700800009
098070310250010900001609070900061400040005000310940867003000000069280134084190605
090001004003040025248975016750080009800200007060097401401000008080013760020809043
697000200008962730300400091400700000030050904860301572580007000900084003204003857
540070639070050001001320500004508063103002048098700100230980410400005080067040090
067800050052700908004901600000009006036100890098530700849007563001005000500698140
020050683090020004015340007037004100806210039040560020402935000071400050000070942
008740030306020000409006712600030120083000657005267000030802500890004200062100498
907020000603071200000005793201398504000200981890700000320500009008109627170800005
200108764000400000468073005009001207780042100500830609020009406934006800070304002
000390000508460700610050384760000400000605803803074061100009007070040008384507196
025400000400580360306902084001200040070105920039008005050820017008300250160704030
000103004390508000074020381100080009000204073827090140930400708006857000700030465
040000016321560980000091000637000140002714063005900200050270090193085007006100035
200001050007400600634502917002005060503900200060208035840006302300004586020853000
873004210000050803012803900040005069120400000390710450280000090001086007650207380
609057001030910005005800392803000000507009004000438657086074923302001000900080106
809400001040521093025000040508160402690200057000750060280910000057080010001007285
507109030398050760000730900053000209004507000006321547030000408801946005005070006
003820000806000132070063940610400003002600014500012800704006209008940300960230071
009000054050798300207503680825009100000080032043052890038460200160800003000900068
040006370570100009106309580080010600930064720060703090390420816000000030610807002
084517063007020018030900070000090035502701090098640007600870000400102080801300742
056041829000028630108600000600090000240856003083002496070060000800904067061200054
026080570089653000500090083070060002943002050000730098008540960057920800001070045
060704000025038147007000860040093006700200904091500008106409502070801030580060071
058061934001020000046005020500890267600000000397052140003270509805016000009004680
071204500004010609003089120400090357107850402506400000005007240300520000702008930
023040601000123090405009700080900003301072040590306078246705010000000400100498306
300000009605009201907312004000106008126800900034920510060200045200400160408670002
005609028840000500920870103000020007032004069750396002500000600080901205260537900
740006350106950040005041700501083090008260037300000084050090403904500800603704020
008017040072080003400302785009040106610025097050091300080109500105006800030008270
050409602900060008032007104826000700000748003040602805480026050009030420205904080
702006400930400020004823179009002000406780930050900016008340500003005891690008300
754086003000007006090005074000031009183000027470802061647210005500400008010063740
084125067005060002600090045809607023346010008000400900003002684500300200402086500
090400002003807090724060810010209347472030000000600080901082076047306028080700900
013702005890503407000900002230006040501004700008120530004070001670018200020605874
003100000017806340048500172002940580954608000030000904009400025420005090100209430
810700504002004109400021000108600302740002000500308417057400230000006905084235600
091000802800075090002891700007052103120006985309108000900004308000510409416080000
400003156060520004803040070576430009004208067002007041015074093600005008008900010
570400003100007406040503001620100070907380210010200960005702039061900002300605087
860051439500060070100900600059006128080520000020089705000000240240710980908640500
056007040300025007020310980830040056409752100005000400073894000000000790902071863
020000108850023070003190026008050600190760380007010902000930005709540263530200001
074100502090062314600050000013406850208500036009030001430010007000040095950670140
408060205056940070030002040010304002063070090900106380070409003040020716105607900
017008042600471009803000070500140396134600000060003004005004027021735900706010050
000003160368127509020040007009402000035709004410300978000674801046000030107008020
086104050400730100070050460600008790708691000001000586510063009000410602264080005
008691052009050403207030060080109506015026300900005100600047800002510600573000210
000840102068050000104093058070005800200010340093470501600582400340009085002700019
030502870071809200840007100010008900003001420207490630020980310008006002104250700
602057080009032040001040029008070005560020814930501000006004300013065208290800406
900053070073600980050009430005000008004380107890416500400530719501970000030100052
006000028043502690200369100004000901720143006300008004000030009975820400008970512
087900010020005006005140702003007024090408107074230008508702049000300070732590800
068201705207050010001090800000910080182070603490063100000007059729085000053009208
950068704201340900600900002000600090460089053570104008300520800700003040805070236
090003000060050298740102306005370009609240100207000605850001072001567083304800000
070300025060709030930504806020001050705903260083070004007090003300052780806107040
401020900093400502200901080020090037537206000040073251302058009050609020009000065
460179035003025401900000007008200700700310906190050082007502149500060208049700000
790214050600005090005090470002007900008450602904003507256001780000542100409070300
706809501040506790205400008007048100501090000400051836070104025012300080800070003
060001050537090064000675090600012009052903406480050010800024035020500600305860001
004108600890000531051690000007810050060009387980002010078060100609730804020900065
569400370700085962000607000140056003075004601080079050830000520007920800200508007
800700000065001370700035018006120004108940056029006100040602083603590700502300060
803040025010732060260100709607090010000504603350071400700400006480310000002800341
341065007700100006000790380804217069097000003020940010072006005008401002013020870
100703685504600070087205000000182000700300001218000436001050093040037062076920040
170042300980050214200300600001500970062003040590074030007000563004005009059237400
000820045006009203428730000645012007013508000000300159059680010004200308002401500
010320009568400300020700604690807003300009472040102000030070905050010008879653001
070120086001003790406087005080700009007459620052000400093041060005200870208370040
020006519645080030700023600400710000500304072076000394304092000208047900000005426
240693180100040502780005030000000008578204600004970053400302916000400000931056004
000390010096005072502076390063054701805001003200709005634500289050048007000003000
829061345000050009010002006290007861060100000008029053000003500987506032300208094
897100050300000010400278906600000040208345070040090023003960080984703265060080007
004070080008460200036150907071046800409002065005081074003800621962014000000600400
040900000200700034630842579960085020300000401150304008703090200020508003500230106
020098030683040500070030062008003905290580006006970420002000080800327009509810207
400360510067051093100700080724006059000025030005100604030002070006910005941080062
520040801000205090706380204100050702902400030075032008207516000001000027009720406
004209107207010059090008003600901002320470900070005634700002098080503270902080300
009340002000000704412506009098200400100795080700003196500129648004800000201030905
800020000310004075905807620450100000200749051070002984001006048704200100020401530
590800012060042000028301976000020603059600080306089051140200360002068007005004009
400700619072180530050340000700004050391800402200093080803001240017060090020530100
000048006408003529037600080082090310904035000300820405803510600020900053600302001
020790605700680023406050070070100009102573000830000217060005480003810700280900056
300060091100785320470030000800196250003007008906300047601500430704820006000600809
500670001000100024361409570730061000604900083900004710409006032080090005150802900
005003009003980600802050143271608904030500280500090000000000397069840502057329000
060204700700091086801300400050000014210906800049810070406120537130400000002003108
700960200095081346608000070502074001081006700000200654050802067820000000030157480
507306204006000087020470060000061000801720036690003471003002010080130640075608020
800000010207109064010536200005023400104070036030600020301068752742301600000002040
070800621001307000089406030090004210100068340804070006605190802020045000310600409
600007308309510004070800690004005000096080537520630049900460012008052003201070080
090640000057009460160050329009070003673900215005106070028000540006825700030060002
049000608107280095080690000701000003354817926000040070430009107005070209002130800
904703650023080900500100008030807060208000007005302480807601240001230705350004006
000080405405007900678049100210950803840700001500410700760091080100075200050060310
005310700103760540702005010090000000601007080270186935857030204000004051010059003
961000050400795160500160004002307605005006093640500700080650401204000300170043020
650070100004300009970810046040207091290003007810006030030008060020650083068930205
500031804006905172012060000050008290098007010030592040100000509085120407020409080
050000301600310050039056400008093502004020006521007930010002008005060703276034190
807502396200078400509000080001620970008090030920050100005304720302080641060209000
219607308000010600007400200320049801901308070008005063805000130090534000700980024
170400209900062100203001058520010006014050090030620507000006720782109630400203000
000003079437206001850401600540030800060020900900760305014050003070902106605017040
350401080600083040080070532000830964490706300830000050010007000948065003000908425
034001685078005010100860000820057300500200040700086529902540736300010002007002100
006200308287005000900087015608024093310098054090060000569002407001056800000970060
067005190054017020900006005045200900689140002000069408530091200090700501002600380
500049008098000501041065930080503700204006093007020060170600480800071050460008207
420709035109023008030800900004230890700008010803690004006372051005000309301040080
090010670061008030030907801009170008500024007047080026004730905076050000302096014
600310289030907000019800070206470050003000726701023008020501960097006840060008500
360700810000601004091500670030900050500007920180025460258013096003009040004050081
002000000006345010540900867200501648050004700860720500918256003400000200600400195
015860400206507001800000056061708030704352019030000084000170900009080065458020070
703001800206005107009742300167400005900507080008003704385276419000300600002000500
069750402000960070571000003080000005450618709107090004000400000298076300604082957
008003041002090306014087000405060000023810600100030872007501460201970030650040207
740500080020906007006001059003000004150070630400613805060300901904067028210095400
603002408820403095700050200017000020062907803000036104204005300006380500030024907
200350007907010805500607010180046070050071020064020581071400209000030106403069000
013085090070260400060009730046308027030002600900601540020030950054920060001804002
000060418840290300075830900059640002030900080400053609063400790084709000007300045
003800160672300000008576293009700081750081306020060000040600710107290008086007009
040756019020000740076902003097001000050409167008070905030890050701060304905100070
700501000104900368030408005500700803079020650400850001047009506008340007210087030
000004607304907001087105200000821056002600070146070920009008310401302800530010700
070040010502700980006802040691300250800260407004085003300008679407600020069107000
400079301870601240201000005000900020040520010132040057316004002058092436000060100
300000000705380040100529378007130802010850900802900050080000025260090700503268401
000070468495036070600100300731005204000790000068020517010007025050010000076954830
051600730000008002830540601307006810000850060680170900700060280200700406068234009
051098042004020580060704090090047000007080250248065910016070003009006005003510409
400000050009003208132865407803109700907500130000307905705631802340200070000000300
030045800120900476040010005603892054450000089800001003069000340000670501270504008
340807650009030007008050900080542300400900720290600810800100003536004000001385246
109075382025000600000062001078213406600050009302600010006107003001930800290080107
057061900800000160690437200030094785005018090086003000710309006300002001008100349
450016023030800600006073810502007308000340060043250100325060000800100906100405037
490006500200431870800070040028510907900020100700600280000000320682349015170050090
109000040050409070008305260000802034092140050384500700960000380020930400840021590
700354820060000500240060309800035201900071608104000050501043700000500080493008165
080009070170300056090017340405006093030405207069030400043700680910060504000024001
431650000000900453205070001070293518020100900150080004040020170706031040900460800
800000002069324070200005361405193006036200050010000083608030017300801009041060208
706100408805630070100008020019000360080360200604720900000203050051006702460950013
024000013710803060000502004300280645958300100000107008463098200007600009500401806
304087205006500107701602080570090006800004010003270508048023050120960403000400009
020690700759043100006005049590300080301500070800209031680000400010958360075030200
082304709709008013030900500320090450074065390005800000007039800013086902060020030
000803000408009026230005108020980050803007204570302010309271080740500031000030970
010760003032540800560010920490007060025094701000005004908050072203970108100420000
090007500506489120800050960450031000080905310100008490030000251008020004265174000
420803017017020000800016294002908140000030600391002870040009700000071068763200900
006702059325000000000804302290010605060308700700009804073945080400003917609200040
020500080080712005706800012060370008007280036908000004003458071012600509470001800
300096000200018705170400093608005029900000570003629100020937650830000010509201007
070009623042006100530720080890060041704083050001097030020310094405000300080650200
300091050070006038401053600083100460200068900610907020092000306035680740000072090
090001800070004526023570400000090000102706908980140250310200600009015782058400001
900000703306107002801302600005640000030070528098503104400705091109030000520400086
013420000000060043902750801000040197490805006321006008200004009509001704130607080
000103200100047060834002105060015800251009600000406510086020700000501380519078400
005000106001589037403701008008603904760950000100007065017000340006032051300105600
009080704008500903720906100095703000830421059400000370070608240142070006080010500
000090020913000048004783016005000087340805000097120350000914870408200090109500430
950006010040012906010009700280040300604007080007290460409120508000065100571900023
370201094100700080900800107604105028507430900090600400003920001002010840019080360
420001059600734010170900630800076002962040870007090040034007005006009300080503460
805130000670008241200004530000403700407060803082009056020300600060520070034890025
503870040006000207042613800030407080074100523059320000008090300900000078310584060
090005078800003600503287049930050000200036780018002093705820900100009020029500017
200305406005006300306700090504067009701000080020109054030650017860010205109402800
730002000008005420209340701000000040840109350105403860320054970006008004087091005
402876193010000060060950200006207051197035006000008370000140030231009005800003710
002104756406000900009056000240008309070510084100030070501900067307061405080720100
900600401608900070100072906003065000060030529582091060006020005200380610810006037
090040082270600050180507040050900026068270004012060073020000008830402910009318200
000692003295040076003050010754380021000060307006270040081000700400705068307410500
300090005804702316050010000940020060005041702170080053030070048069800120028104009
004760008030508240108040005829630070001050009000907621083095060400800957500400080
920310007503809400080000039600000108318650020040901065030000651057104000800593700
240109865000006400860704900500070604076041008002005003750200346008410070020560100
000000010240965380507030290800590604956208030400300800004009003090720108038150900
080047025375060900090800006200001039017009050930075800000004007069320504548706200
810000035004015000036820471400600107081070060060501023007456308050080600608090700
056300070400765910390010006000030048610479002034001090765040801800600020020107400
750000208002089074940075030600007003070600005589014607200008000805700469490061300
102400800900782105008060400307045980605008017009603004706030500050807602090006040
103506207500902030480000060871465003000020715050300000605078000024003178008290300
002360105087020409506090800700601000100080040054903612001000006070236900038710250
001000000060510870054072610080027040120080036607039085700046050210008460430050008
000004007479050200600370054001030046947810020200005701804700510002491608096000002
009005100430781020120000305802600051910508007070009403607804002000000700251960034
006050009805100763019307500652010900094605802000700004200970005080040270560280001
840530120300048900570000004005423090080900010902000745060700480150094360408302000
400563007310007504020001039800000940047092800003108060504079020290050008070200395
040600107016070000300120490009403005758000640600058209801006004002847300403900078
201003790005920108006018500600082000007009816398001005100830009860070350050100082
009380700000160009385900620000809300093017060058030914001023000500001206027608150
510204008040030210290150400300900004805002700900580620132045907000020800006307150
018275940000806030760000208020000000003049152041320069002008091000760400487093600
203450000064000700050769243080020900020008006096105428640093802000200064502600300
000003240490578000530000879004009002901300086780026900810030590609810320050090600
000700060036090045780350091008900070902603408071020950003580020145009087000160030
010082604090403007702009800405061902100034508068000000289070415070005006600208700
060000001010293600590001043006400370380507069740300010030970006079802100820006704
042800905009050000500670032050740201604018079170003040016080793800007004200094050
045790603601040000300100905003080060400057009758030024239070051000003270107024008
400270390092310460063000007007000000680730942020509070040100530800425706570600800
002000050910532068080700001090000630056013000730685129470306910100200503300040800
920080040007065802005200100000790023190400008573026010009504607354670000700900054
000206510901050340524003006037008051000600008109072604310700405002085067700100020
010930200602074300040001780180003006206040030000702815000250003361480072420300008
900432680806750020074000500628009173000027005040083090403800012009000008002315400
078010200920008400500470908050609704004127050167000800003005140609230007045001090
807109250000070080520006090002900805050402900076801340034008019200000637015693000
025793046000000003304050900002007451049031007100504030400000065708145002250800710
021008069060040813090067000200700196000090080179026004906070008084319052002080900
408160230001048700030020008064200057059710820080009000000600080803592070076001542
400090580300410000609708201035060070060074050094501360006150030803002015500680007
790006208364008070000750460000060800476820390018003002950340786020580004003600000
541020690070009030300814500807045026905130000000080109004098010053070900009051260
192340080400008029060052031006100203070820105520700000005200800084503000610080352
168035070000807640704000058051709002907600500600050807076010035000306020210500706
000106708901020036307800002500000040800719365103600007400261070019078003700000614
860300050100420863520080004400000301350290000070034905915002638240800000000609012
780420003020530807013006200840310096090080310300002000070100008130000570250947630
000000048910074020430952060104397050050020097020005030060040000001530670295010483
000900362003204000572080009004861050809000036010095280001709025090500000025140893
900420800140800709860500400000000300709146500584230670008670000000010267276004108
074900060000720408210060970340079001020050049001002780469283010002007693100090000
502946070043000609009008024024150038100000006008620045001530400030064051406700002
005200603061057000290100750800605320156300407700804000900503276600040000083760100
003076295007030060082050030578093000090600170060702509009020010810064027006008904
705000300080420100042397805000001050956802401320004070010700600037609002560010703
047530960508060000006002780000981006869000241051020000005803620280006004094007038
090020653601008009200695040000070000036501402082060517020040185800010000067809034
832070691000896000400000805010900700004103200326080109900750003607348000240000587
100000039970103080204059007027900563403080000600027801040508006781000304500430020
000059107019002000073100280007921054901008730085000600000080976798605020360094000
002080000008070402760492501871003006400107890000056710030710900207004008105030640
072600004040300070560401820300090401804060732010734000000000080721080540080247103
400060020080500706607810094040235100960400037301000405130700002070190650500320001
029003015007095206018006900001630000002500001065010342073400509006000104104329007
100206748680000000500108006050014070763000410200560003000900004890030501425681930
304089516560304800000060003073000051002057300045093200409572600206001075000030100
201000403005061090003720510800006030600870100702410685340102000128007069000030201
000406900009010760861300004980040605000700480645039020700900506090584000014600892
000074800080960070574010639063029040001000097048703001020500910609230085035090000
037906025000000703052703900200400500700509600960070204076814092090000067308690400
089102034000007800302005007936721405100040602020080010260058900401200350000910070
070003004104890000098004167920030750506000201080125030810542000003900402702000510
067104003413789260000000007000200008700810540832005070300098120001507080920030054
841030970000400030005089006068000000700256090530078264400010005052047081083502009
800075210150600079020180006906007082071008004005940007400000620607020090500863701
075093100402100036000005920706900000003006071008701369100500680250608490064300010
793020105000070209060910700600500020042091306037060090300080500908050610150630082
800050720500090001041830059170300040006000090908472130609700500000520908380910470
270906831090203004005070900509600418600104200007020090062700005030500760700360102
670590280205000637800072000000040020460108309109360008731406000080209710900000560
950000760043680001001027009820361950300905080507000603408000090000738000035090876
240090750600780000807002360036420085009300627502860000005230070300010006904070510
900538010030690405150000300645309182209160740000000000097086030012050806060002004
005281730200640850340000000450032006089100000600400517870000000006004078034876295
000004006369150072504200190700630200402500080010042507000070900295300014040905063
090200700500004008820017063300009140901053680062100030080500300206401809130002076
300910045020370086018600070050000609940086000701039804004051060080203401135000700
650004302003007006010230450279415803000090721100000000860070039500002600730069510
005006000042080510030250049403508020001000460026043085580007002069835100007900806
450270010000060400208140705009307004034820006087050320703000048910684000005700690
007090004200000060830746210903604150002530007108009040701050693086903000040100025
726058104400600200005090806930700002040020605002041709200009360009230007603104020
600085000940106053300002608000020500005861092129007006200034900094600020083209401
246908001701004200000010406030042085510009043800006007003475860460800032078020000
001000708072451306090806001386007020010032005200600103700104000900280017160000482
060007900174090620030620780003070008900008503017340069721030050090086400400001092
850000009090013050073502810060031000027408603300009107508940360902006405040020900
109038050200700834008506000806157200400069070057000063624985000090002405080000690
005074003301602807700080900803069000069037081200000306150046030030500040408710205
095103476014605003800000002001902005007006080603001709000340020548019607070500910
607805900000042708824900500750008093403061207060003000300204809009300006102050370
400003091080269400605700300150940030040130579900005000803402015010650000509070806
201067000000310690076000502807006000050704129024053086740200800060001273030078040
690000014005719200007008035004230650503000070902580040456900083200043507000051400
000500000265037081047260359483000690002600008001845700910070006700450010008020904
070103284321040500000206003038605720700300040060904005900000300010408907053709402
024097001078320004000004052082050910050003400700049025006070508890402070017008240
208190740605340020000500068910075200000630004304800609080060092040053000062081407
008000097090307001340089020280003905901046030000205048800401003032900604015032800
281300907005700002000029054009032070560000021420651008090500086000276009652090700
014002070860910020300008061209040050000527189075030000096150000508000417001783500
580037240000005073970820000205009400000008306738402190100043568350000002090251000
050002038800500709143908020000004085534800000200657143405300290002005000001409850
002000830300450170704208006005903080601084003803000609129045308400000205008012007
040608210007410008128000006801045760002001504005096100010509803090800070083100025
200600017097350000608270903000035069703000805809046000500900174340010090901408006
042105680061020004030706009000081000894500103006079805210690438000053700670010000
004507030039042580205000061080005013500100000603980725008306104050008670940700008
870304006400002803003806051504200169001063540002001000049038000058620034060000290
806000003905230007300806529040907105089400000050002804000009208038500076597608300
604837010000000504902504030000020059290075600065040100500780090817000260009162780
104096080307025016006007020060001000470039065500080709200518604701060058005400200
020038406609700000080604207008003000430000075910587640004070369097300510063051000
041728900080000032009600108904200800500800607100064320013970080097005061005410090
700082305046005009020930704000009000695370128032100900200040000150693002084000637
503000027026059800040082306100890240008073001390020008607048102030207065010005000
009703106600090700078420905703014208020008071061002000006309417007001050015260000
000109000430080960291005038860052017920010600500700890702501340056070080300006005
000485901031000750450710200507306028600059400003800069000098640080000005764501800
573604001000000065200905400802000090600012870035860002300008710120407600047150028
007138025250000100300006008870000009040893650030015280024509801080301492003080000
010002058045306701008050004000230000104000265702605093350000400091800076020564309
040632508036004200090700064208070010050148926010060000925480607000007140100006050
260980015090400200047050680010073802725840036030000000050090320309024068002700004
003674020060200700028010069075062081840703006000900570010020037289030605000806010
010800006064200100080176905501030004008010650009405302450001023106500497800307000
030490050020000001098530420012800079070903214400017000000050702006320048283104005
482503096000000800016089005809071003060390480300800010920067058137050960000030002
004009080085063900070040365059030200006082050023501096090026500048300009060490032
300020000001604025208059603810200950400003208960485000600190080089076102100000096
594360002002900073000020490470690305000070040903410760049006180007039600085001030
002409030040006270015002900029700010030008059401593026106087302000635000370000095
830000201050312780100680000000423090304800605201070030048207503013950060000004970
071030000030009240040610837180064590090020080005890002020050018910080025053240009
805903407290405006060000509120007005009250178050098000041009700906030054070580060
052178090094600080000000130500900360001003900936850014400300601013006800680017503
640200100007081543805400006204300608700026030061500090000000074470930000098764052
602100504070095026080604003000018340318006002400030001005472100023001408900050207
000040030400257008976003054084520100100390006095070042009015000018032467003700900
075290601030500002609013005004160053702080064060002800940870020580004310000930700
900000000830047601074691328090004000450080072010052903380079215000000004705120060
608090310700060000090203678000500763502004001863901400006702100200300006954006037
030670010500000020167250904900700060051906043020400009000010056085060002612594078
203800701006300584018507000140000020007010400600438190082040079090673200060900015
380100007014006503000380009403210005009400071050930420090003100038500096045691002
006007951000000802219865000400750309073010004082900010000590630047602190605001200
510024870607108205000030010009041503065209100400000020804900700900082301002450690
007400009902670134400105080325700040040036251000500007600207418001060075504001000
002080090086410052900020607100200008304057010020041760407002830600108425200530000
090004006640017500031600724915400872200050000000820051450000030020048197170906000
053170682070030100020960000109007240702096018400008300290740850500089403040000900
901080306002071490045096001080060050590020100020905087004002018208019003700400062
760508100002010503005930080001003270038120006027605390070301804500009700086070010
608304000005206409001080506807039100009708650060000800010060000072590360906073215
006000041193740080008301090675403800300029050020005034402567908007090500500008400
250000908070158000030070605320017489410020500007004300500800092142006000700235046
120500740540739000300020605004005006670203080038670204090300500003006027760850009
600070001201385649400009700027500408084007002000820370193206080000010230060050014
800000230360050900029734001700020083903140506002800090095300740007400002408072609
200000745096704000043250100060000503034095017050803900600002451480500000005461079
000790061175000080800154702080017006030200090506080207704006813008341000350009004
003260005510000040904510736091000002007050389050942000000400020482003067105706804
050860010780020460690003820500002031008190506906300000809010700067400093040937080
403015706000800400520049100064030502930524807000000900392408601008000004040356009
030205670070860903069010020020530701401000000700041582302006057007003204500072030
005703004370000062200016370009480053430607180108200040007060000810972435020000600
070304800923810045100050027800209153002508000069030080030080009250003406006045030
140006039020700040060304002089030415500001000600458907030940058802160000490800260
960503020504002078020040300640930807089700002005408060800004706200870190076019000
607040890304069050000703040700920500490300082130650970200080369070006000046205700
009304080327510064000009002001803009206100030590240018005402090962000043010036070
050009460670480500024063900100074020900058746706002050000000274400290000217840090
300060107009007005674580300002030854901800200038642000807050030000008506206793008
530820170070009056100050004709014800050070901402500607301460792025000003000201500
936170800100905302005400010062500040503248060400007280240090506098350100000006090
160508024904017008500060001090830400051000830080906207075103046806049070000000102
160008500000020007970536410026000100019302045030809070680450200540090086007600054
806450309400300067093006800007004008020031570041007900009243600100085403350000702
026458790905700200003000004000600001297105800610002507062900305000834012831006000
184620005003009008900408320508900403000054261402001000800040502005180000370290604
805000304001600870009283005514306000020008641090407002006042917040065080180009000
703005004001302580020460103000000700602938051805041900000604070206003000047580612
009003008240805930100070024005002361300750090024006005490081250002000810010927600
024700000609012080010830924400309501305000090001504008058007009103028657070003040
090076002006019070701008406079004360004987200502000940018095720060700109920040000
841030060020807304007005200012473859703008020400050000070009005900560070205780903
080095600009080310027106904875640020600000008000218056048061030200000041701820060
800320000009050128742090003400009080030068047087103260270000036000082500108604092
040080100539600820020340096002800070004200601107590003005738060008006010603020548
093608200000040600607500349756030490000100760240790003010300006360405970070209100
009500600650007001201098037000901064024000300106340075407059020502130786300000009
245610078007350010001007006050043809310890000080200035003004760078560003160700500
050092380002001460016403002029065814000809000560000709073040000100020003094038527
004500301005207600063084020007050200630401759590600040309800005240005803000046072
070810003193570060040000570001058040304060020060043910086030209700005084019480600
029367010000000020180050043802001406704532890090000005210003904048105300005790100
000308200420000050630092178784200090009006007000579480107004060006701500300085714
003708009017002083890030002680427390324900700000001600700043200108205906040100007
010593004083407560070000300060902408050860001024100603001300807030040120740281000
000080027670504300012760500000450030905007410408019205050070092190240700080305004
004093105108040027005100400546208019000000506390064000803400051410300890000817600
000702900060090078917830200009000026506320080100607094602405830004006150700083009
300201590619000040000906080020010705807002001031067920003058004180074009045020803
301064500008000021490801600004100905060735010013008002037482150100000209806009007
154038006000750201702000040501072098960043020003080600300820400020060019810400730
920003108830126000000000602004062803370841060680000940000050017503087009207300580
070946801058002034904000000030201400405690010100070025507020348390504007001007500
904050030370801500001300608700403012408025006002009005009000001600014700810962453
040001950500908041921006080005000018607800502004215000470002000000160794136740800
084560070760100402200700095600800007507900040800427306100050804420070500009684700
003200790406850100200071004100930240007002050302507010651703089004096375000400000
104208053600004079300900200576300002001620907900081400419063728700800010000007500
405067090607409125900500000040608000860050402701920580098300007006090000100870239
700100050150206704040070080504307900602800107300060508001790000075020800023081675
105200403890150070060400080046720538000080010708605020457090060000006340001047250
400600079100092030305800064010003096609048510530069000040327608806004027200000001
905267840080000900036804021050120460004003010691040050000400105068971004140000080
090038260020071009805020300710300502009210608003005090631902070000003920902704050
000007600096200080140386025700453090003700068250000037031678200074000809005094070
271300500600200070005076218093400800020807056050030907902740600000508104048600002
900730610203009750700200800000005081507001009098042305310000546674513020000020007
200800140030164029019002000078201090906500001020690078004906003052387000700000862
050180290206300080780050630100002006903865042060400070025901003000028010690007420
000023079704009300036100008500976130619000002007015086003094015405001003801002600
300160004042500068090402530000001002078039401901600070210754086034000710060008009
400903876380700020090480500054300197070045230030290000801500700007010054500604080
040000096307906002605420008900000000236598174500100080720380000000070801869010357
504678000098010075007000603245830900906007340000064008050106009060009004870040216
800306925030100000406005700605702040074018350100050207900571400041000090302400106
560821390040000050092503070000085007601700405780400036450300720000150800018006509
107040908049670000600018034023090406068354200000000503004060870085009041006405009
700006900436001002900350607520003708803005106060902000045000270070060430019247005
038004000600083090079600438062900000007050860840106902501000286403809001006520009
206807159508301007040020000709200800803470010004500903470080092000054031365100000
840060035102003060000048901734010000000382147010004050301026079400807002607000083
986530002000602509500004087020001003360000075700356020043805700059060248000240050
620700030000050061503860040005280010970000085001596402034000807200438100056970004
802045009097060350500903800006357291901020000020009070003070980009530600250096003
048972500309000048002800600003089160700064000596001804264098705007600400900400080
009200084070013960605009003503800471007601000890040050000038047700504809184006500
070180090005700040063904508000509402047060050082340067306408029000007605720003010
009400306300095004480002970003900060108036740500078103845000601000040800610853009
900017520060290007201000900050072080120005409700901650800029700310004096590180040
920078006000090508308600200039050162570400003800320050000060400685004020201085637
203005010006820049007030020035000280860300090009548760008051632072080900051006070
180030020200850369030090001028049150000006703065300040407280600800965400603000208
004900603007005200960073850400710006750020040603054907098500460200460090046100700
005003000100974203702006041403700800600180320520049010807601030200007509090008160
008503007001072390072400800900280706280937000730000980003091070107008400800704063
060410030301002874402030900084025007095070003600900280000780009740260300023100708
682534070000090008904000630058040016060308090400015007376001002020700400100902783
015000806204105009000603040507802064100070390083060005600019083901008050740056002
905628317802000000006045800004200600280506143050100009068430900700800030031060250
632009580500204000000053172090400020105006908020018405468090203710040600000061800
300408270065720034074000000419075000000080409008003716103000027056217003080090061
500690001007004908089205006090050400805040103043806009058461002400000015910080034
002005073030080090741930080560071800090206731017000006056020008320010067004069010
001000900305098024690015007908350012400900536032040000009003000203801650050029073
203070016100020704706480030001800490094010062020094080600003005900157048405000903
902500607000840000014760302601005000000100264037680509306420900000006020429071806
571390240300850009000000035043205001200040750005600820004103500152008096007009410
806047003901003047300900600680090300012376084000800700290760031003502060108000270
639700210450210900000060530308500041910032800000801002002308059005029000793000108
020100407750090800048507039201030070504701003003009105630008090000970500917600340
080509007900100058052060903300908140019000500005613080523000870600081005008205064
670053020405002067020070503847500019300000006200389004500064002000097630762005090
060001300700820561305006008401369000053470100800000643174600900900157284002000000
008509006059006403200840075604050310007004002090120064901005200500002830400093051
006003000035047109010520706001090870080005200340081905078030504090054010504079080
624008901800910400100006005001002500900540078507360004706004300000605047340207056
010859407052074038070000000000900053700530240543201800680090010005710002201300704
010000208000030100672815093020750849007000020804602300001089030703460500500300914
570060180000002006269084500800706004000009370721008050010045000042890705085007491
209680003060400020040030196600307001085004367403010900008002574506740009700003010
500600100006070230147380060060701300070000400219834057001407000304060702700210046
018063524506000310000108000302079006050002407670034005000701963930200700067300800
700362598980001003603000070060809054030017906420000007200583049390000280045200000
060000700107805602053760400096050020000200960382079014001506049430020080600010370
051082079043700026000560030092430608070800910008610700060973005900000300305040290
000090060021854003078020154000009015035180090190530400069070500810045007700006809
198060407005097300060024009030002965506409000080005041953008600000950702600340500
380700000170500384500038007720319008013206700060000031030050600000903012659020043
670900081015472000090800054120500308003009160508037000950641023031000590000005007
003509218010030000980120360050200900100006004029075103008040090301607040702091605
014080900580074061000600800009008005040060170360597480198750043070040506050032000
782301640005804001000000802248703500000045300590080460030650274054210900820000000
005000970304790805780560000000900060926010047030620190002140300400050000651039724
080920130610430000003005470840090500100380729009050060070062380021040097308570000
340100052000502000028600713700065080480907020690003074234706090000001206800300507
108059000090000508400860109024070980010480030080093701901600050800501496045007003
003050079597410008600007040080040205900200810056081030005700104072064000409008762
071450009630978012080000560002703105508009023700001006850067930320000000000035074
003100800701004093206390470400063018009005730310040000004700109002080307897430006
800720190061904000290001067504060900600009030087053624376400209000070006400605300
000701640170600038364090100057009003000460010940300860020845300095010700810070054
