370000001000700005408061090000010000050090460086002030000000000694005203800149500
000689100800000029150000008403000050200005000090240801084700910500000060060410000
030500804504200010008009000790806103000005400050000007800000702000704600610300500
000013800807000020004090007030000050002340008070006004109027006080100005003800012
400000020063407100500083060008000940030900008600802030000700504005000000807510200
102030000000800904800609035305080740010070002000200300043702006600001200000000007
206000005300000060000627010007230150004060000002900870600071090080050640003000001
000803007009000300706090850020000080070600000400082579040031200502000060003020005
708000309309180200000700008270600001000200803800010000005006000100307650037000002
010003450000040002680500009070021960360000000000086730000000040023060801800059000
010000300000300051308146009900000000280050704000602900600400000000003107107805090
050046010470010890000008020001003000300000068200079030009800003160007580700100000
730000000200106400000080079000005006007001250615807003502000004080069000000400087
005007000410980037000000081001650002040020900070040006030590008000073000058000074
800040000006009040500780102903000500200038004000050290000005400050004020410200760
900002006700009500040006008004061070037000000060230401000500084803020000025008009
010004000700890051089007030070000360008540290050006000000709800040060510890000000
006001000020009810090400075300017680200050001600000050501002000800000590900075003
020807035009001006700600000360905800000004320900000000095400008001208000400006510
000004000100803907908200005807030200501009008000040500000102000000007100612300870
300500427025300008000200000600001309080600200007400000069002004008065700050000910
307402800504000036000006200103200000000500608006700300000000920005620000830900064
000304500006009070380006400510902064400000700000070000030100000600090341098003050
100060050800230009006900040000002730302005006070040200500023100700004008080070500
000050079090010503580700000002009700900670000006040032028000304047500000000084007
014002000080096210500000083409070060000050030600008700007130500005020000840000320
068053007090740260040000000432670009006000430000900000000500703300000000019062050
900125003008090005005000100500680700400001600060200009004002900010030020209004010
005103020080000900100020500000000200927346810000700006049070302800060000050400100
400001009100040008600082010000020600205300800807009005001060050500097034900003000
000000400104829073300400000690000030003900704500083006920600000001007005000100908
000049027230060000054020003040200060060001085008600000000000106096012050010900800
085200070006870000090000056801060500307001008000008020203649000600300001000000630
000070400300020000407010863000600100006504090052000080204800001000009008801007340
370000600000380100010500008705002000060075000040010975000200064804061000009050030
750060800200000900000480700000090083085000000097530010000000100023100645140806000
510032000300080100200000067000870012900050800078000009060000000851060094000710050
090040030436070100000100090800407359600800000300050000768300410200010900000200000
207005100000240000500000079062800000000700030709410028810376090003000701000000060
800054000570000806000008007030107000000500600180300759004019000950000170060070400
000000008300020900415790600100070060500800003700406009073001200000007000040039506
500200006940000301300407000810000600000031090007069004020108000060000050790300210
000001070008400002916800500120780304000006001600500000004903020030000095001004700
200000000006090070005340192304080760060070004500100000407005806009000001050420000
402000800008400010003620400000067520090000000807095006080002107210080000000900260
000000908060280000045900070000730800009020507207009001090002000008460010036000025
030070069005200700006098000800000090019740603004900000400030900600050820500002040
000103200100040060034002005060005800201009000000400510086020000000500380509078400
009080004008500003700006100005003000830421059400000070070600240140070006080010000
407008003010200090000706502100500009003064000005000036000070020974000805000609300
500060210401000000000801500002000051700002006009605000805400090900000072010938400
030006100700020008500710200360001802800200070001040000008007000040100009057090406
060004000902003064005620700001500090000302400430080200790401300020000900000009007
013900005090501004000070090087040010000607200200009530050006002800700009009005003
007000020630200450002038000000109007910020504005000100000000970870015000009340001
062000000035007092000206300090300700000004001170085006000402100700000520023510000
007061040006000750200500300920700006000000000050630098082150074010000000600080910
000390000005000260042600070200043601004018000300000708500160000069800050000050016
002600800073002001006400007000007005209305040035090006807000530000508004300006000
001000040846009502000470800000007020073050400005200001062508390007000068000001000
002000030610035002008020900700000010800600540160407000403080060056000008000260004
003609040900004060800000050002063400006045900007000080030090024609001000020406700
000130086840009020009000000064010007008200001000067009400800012700000060106043500
070060001060102000001000896000300680087420000050080007012000300035607010000200004
807009500400000020020604300000001090041200006009700100090030080150980640030000900
008160070017000360000074009043800901080000500000402000200087053300009000806000200
100036040200100090900000130089007360600090005000008010803021050000603400002000600
007200601300074095200050000800000700700030012020706000408120009100000003000085040
060001000003002009050030021032005000170940280000000005000594008087060100500000032
104200000000003781300006000800014200450007090007020350003000000200300600700480905
080045006500000000079600305210906400000000023040820500000090000420000059007450100
100060430003904010700000000372010500600047000000005206800001060240830000900000043
000390002020000013019200000760010025000040030045003000200109500800700300501000208
000005060080700000540903708003800070001030002600091003000070680320068400700000020
100000300804901005030002908605800140080500002000090080200610000006200801900000400
600900057000007040072508060080000014200013000005060078719006030000004009000050001
600050001190020008300060700809005000200000650700049020080006072907500100006001000
009001002087030600010720500072506901900003000000000360100007400006000030003210080
070500140005000806104078000030084207200065000008000005300020081001800000700003060
053700040040000072020013500400052090800070006090000100300200000060100000570300918
400003609008015000005006800041902300800000070000600095000209004050000900902004081
000100040806090100490200700000009076000020400534600800000904200000008503957000080
005003900600104070030800040000780000086500300027000108079000000002306704000078030
065009300900000000000805016036000809700308400004910020500000100008093700020070030
003200000605080270000001503800630057004009000007000020009800012180007000500096030
360000008000000200700524609000065000080007002905001063830970045070003090000008000
090002105800000020340605000000027000006050908970300010053068009000070300009000201
008000020029480306000002000090530200002100007804000059903005740100600000200300080
009008700016403205000100000002800500060900470098010000050200093021650007000300000
009100040600700980002600000050006403864200007000500020900305000000000069437002100
004200090050070004020100080940000000008000260010896070301500900000308001507040800
700001000000600040256009781010290500080000000007050609003184000160007000000000135
970030000006090327000807000053009008100050093000610050000000000680001000200580139
000007046319600780070302000060000001020750030004100200980560400000000009005004100
000003075758002900090005000130020750070400800800900000000000400483570092600200000
000007008068002400700080093005008020300500000091006085000060002800070004950040801
005927830079000010200600000020000503050004001900053000600000409702109006000400080
600005020927680050000004006006031900038050002010000300000007090760009200004800010
360208000200000043000001007000150006009000030015400089004000308900730012150600000
081350690070004002000200000300400960700500000009030005807000009003790106500080200
082000900100709004700060003007908026096300700500070000401200830900405000000000070
000090300061000040009320060030410002100000097650070100020050000000260008890700023
006000050058004301090210000320080965900006000000002400000400006860030042009008007
540230000006800405010000230030900000000000357604078000400180090002000004800650001
530070040000034207140000008000005104700340006460000000000053960290001000050080001
700304091004000020380002040100020800800700009040800070960007000050030486000068000
084007091700081020100060000200105070400700000300600204073004050000000002060910080
020003800005720000008000705052070400900802307000001050000004509060310040043005000
005024000003000802020100005090540006500600700810009003009001624001000070004052000
085029000002000050000540306006000780450900003008460000504810000000000600200094570
005300001900010870020068000000035200008000510069020007004973002082000400100000700
000000006000204009483059070000508690904003000208000001500302960030700025090000000
005000100070210006810096007001902035062000400008400000206100000000030020500004308
000691052009000400207030000080100506005026000900005100000047800002500600573000200
920760080000080200400003075800019040500000830002030000200100490700002000048900100
001030000050070809402601070003056000000040200804000063138000000600000030000367082
600039000030000904100002600000826100010000300076300025800000703704010200000678000
008600002000380090590200008950700100000900400160008200000007001709020030010040960
009600704100700500340082000000001046000005001812096000000000270706050000005037400
508090060009000004000528090000072010002000400704010905006040203001680000040005080
000140008108700000002080071300019080080000400004037610610000802000000009090658000
540010032002000000000502607001400059800000000700901300208140070005200004000005280
400005800307100604005007000030900206940008000000500043000000708060050091029701000
501002079007900003200043000002037080803050002000000100765094000000020040300000590
700040008304070200000800900200000100400621583100080000007004005900060004800710030
000190702030000000402300050004629008100005006900000400209508000310402860000000020
400560007010007504020001000800000940007002800003108000504009020090050000070200395
500048030007000060030010020000007005950020006701806090480001700000905140200000080
000703420260000000407050009000024800029000006810670050100000000000090080705081302
000065010400000907602009000003080002026941070000000090007690004080010030004030109
030090800009205006070060050000620010006007004587010060003000600800056100001040002
001000030090108050005400080008004900010060008720800400200001347000600000980230005
005000000800700900070409680001800009950000800000946170002000310700018400049300000
056003140900000000200487005000000000009054023420700060580042031000100806600000000
020080001006004500930001006000008050040500900158040200004003000300070602702400010
047530900500000000006002780000981000069000241051000000005800020200006004004007038
000700546050001900026008000080500000100900302070800009360180000008000030500030894
500000010030400000608017540480000000000058071010009803001026030800001020200030050
007130028508000100000008030006380490090000600400090070003010004801200360000060700
700800251010040000500002007000195000470000900005004608000760840600059000230000006
700000041000030080690701000070009000000005060210860093002094800500000200960002504
700190630009070020250000000001026000680000207000080500400003080000007004830204016
002090308040030010030508000000007104007050000065420907370002080000089700600000200
841000900000400030000089006060000000700056000530078264400000005002047081003502000
506000003000250001080030407050100000802000370000305106120046000000090008008010604
503000700007024003090570008000090100050000470109450000000630092908000010600009004
087900060000001090200640030009802070720060089000000300004006020002007403003400008
001200050052000360003460700010000006260048030007006900140090000900002107000800090
010020609407601080000000001001300704504780000009000005958000000000043000300009567
090600040060001030402300970000200000100800407073040600025080004800004005000510060
050080300006940058004000000007861049000300500048000000003210095809007600000009007
000806020010009008075100400090000740000091000720040690340000900000900302100023800
090085400000020010754006003500007000400203900020050780305000000600032075000001600
000087306310006075700004000001000000007340900009060051102090000890605200000000830
004600290007419000030000080092006540060900008000007000100543000670000430800060001
060840030470000000008007604047003000000081903010000500500370260002560081004000000
000700008028030100910080700007510300300900010090000600040020006079000030200367004
004007005100600800092100030009002083408300600006008500000750000540000198200004000
000000000754081009006004803600005030000010408021800000003907500079020040040008300
860010002003060090000200080607320000100040720400000050019086030006009400000070160
300700005791006800000020090006908041900000000203060080600003000100040320035200060
000057000003000409045600700680040003070000060050803071007004600100070005006590040
090005300004073210100000080001200078000590030730400600058060004600008109000700000
065900000000603500930000260078009000000400005090702018609800700001500020000290080
026047000000001900450009063002006000000702005704000602300200190090004000008900306
090081004007000000010760508035040912000000400400052000200970000040000761700010005
402300507000027000001900802900000000300198005200400160000010000180000200700065403
900000005370000020050746009090020560020068090608000700000600000035200640009800007
000000001850030009600071080100800004030600810900010050207009140500700630004008000
000240603400008709031500000000600000300090060076030140620700891000080000005100006
000030401073020080050018020000004700008150000760000805000049000507800000040300592
000005008702400050005200300600390080500064020024000600000580060308007400007040001
004080300000740900607005802006400100080609073040000200720004090300070600000900001
080010700400060030092040005040003060000000800958076020020680059060000000003005670
000000300001398750290000600700030240006900100004870000000409070080006903907000006
064080100009100806000700000025090060000010750370408009600030000980204075000000001
920000003600790080005010902090405200100020300040000008010050006300000804060043100
040900800590002000000008032050400309900020000001009560700290600064003008030010400
060000008008052030042300060050081040000000009093207150000010005009005004016030080
970010200200006100040700008008005300000040080604078020400080910050000000300064057
809003040020049000030002650013007090040030100000508020700090000001200963002004000
090006200001030040470090800804051000007000090900070103053029080009504070000000900
094085000030910084000000790406500300350600008000700001000000070200006000045370210
508006470006008053000900000061000000000041085004030100000060510007080200205093004
100600000080010009500040701301800095000020300670300080450001078800000900006480000
070005803000680010601000000000070090060040100890032500302001700006820054000003020
049300000000910050005004063001009000082001005006500831070000000004008306010290040
000003200020090037760020100000960070907000300600080094006004000400200750001036008
023004006000301000040006530802043600000078040004000100000020750500400009270800001
005004003300602007700080900803069000009030081200000006150040030000500040008710200
006010007000800060705006040904080300080075004000900070400520006000400100650030402
238070009000426700040000500050600100170085030000000005060837002700009800010000060
026000000900200070500980602030700089040130200002000040004079801005800000307000020
106900005000000030403850090004008000089470010060100407530020000000300140040090050
701000003090720004020600800205400900006300070010070050000240009800009040904000605
047100050009005086000020007054009700090010040000070500070603010002900070410050060
000900003950700006700002100005000094300040000094031002480300260002084000000020540
019476230005008100000000006100702043002004080040010000006007010400020000300500027
007000080890504003060080070108020605030010002600700090000000020019067050020030400
007000040000208007483007200200094010035800002010000090102603000000400520300700060
000206809200001000043000100307002005000080016150070030006004570790050000000307090
160300000000000208420507600204000000700004805000230900090810504002000006041050002
080049530090080100200006000070001000003020400008300601830000009600703040040052006
090007380005200010002003060800004091003010050019008400000005600567900040000400200
060000100000600000870120306008009201002300600400072009900200003001030000023090510
000000050003109004769504030000097001091050040006800500400000000058403017000070400
000003200003610970076000000300000060007006014040079000260894107930060005000000600
170500480000900050056120000201400807800600000000009205000004500910700600040300090
000090600700000030850326009000070000316085020000000853090430207007000000420050001
300000000014006503000380009403210005000000001050030420090000100008500096045691000
000500402000002000425060900070000609002093010630014000000000061256401000000280005
006030004005072301100000600900000103010049020200060000300090400008706002700004508
200607000040000520805200090000030005083000004100408960000000000700300040634709150
000005030300001609074300500800050060030400000007010903000000148420106700050074000
000200050095607023080009400000000500000002970369105000072040300503800000000700065
300907050000080000420000807000890004680004310040700000070003000006000102054079630
100804003936000400000006007065070049000301000700009050200067000058000090003080605
009004076000001080074020000008400007040190060610050020500800100000000053201036008
001502009060008710090003000000300005809704020070000400000007600086215000107000208
076002830000040070890006000901030007000000000007691085000500760403000050005083100
300700500008090010100200036000036071906100000030004008690400003070060105000800700
000045900070000520120600000601009038000700000507008400010052300003070065002080009
047008060120670040000020001000000070800004300710830005650040009002000600001906007
069000300000810020200003007003087061040006005006200080790300800000905070410000030
008206051509407080100000000050009273270540000600000000007900540000070008016050000
004100085702540003500000000001060000000014208209000600000700310030420007947300000
000002037000500100735400020080600019501920800090000000000060000079005680004039070
000040030300750020420000107004090080900071500060030400590000600000900005108605003
001800026006510000009000008908040001100790830070000005500208900083900107000001000
060010750000205000705300200009008030307001408000500900000800002400100890201050600
070000064095062000100800590040000300010006900080120070900700001030601809060040000
700002000000504702092000038000620009103005004060008001057410000001000507400700006
007008009020056400005070030001702800502001000900000102094580006000000010006040705
009003000400009760026007030000000052960300001070061000058100009200548000001000087
010000540002460000004030008080602419096043000000000000000900260061704000908000054
700540000890000130600800070000200903049107600081000000060000200008765004450000006
001048702400670058700000000000850060012000045050100009100020907005009001008003000
300600009005003002400100070059006000020007060000801720900502017501008003006009000
004000000300240900006005204040023060000010020501004700000600000905302840070001095
600800000030000210005027600002040090700000406403702500140008003000401002200000150
008060070000200086630170009006090031007430090100000000004600810850040000000800340
900000070400006000002094301000360700007001000038900042800003050004580026005020080
020039560000001700016700040401600300003012470000000100000090000740300800600004250
000008400803005100109030508000020600064000090002940010000280001500000046420060300
601009300000801460009050000700000540005097000040036007010208050000010028230000100
080103004090607020010000300940028070830009000000000950050000007208406035000005200
009400500000052700205000009100000007080060090030107050008030600070080004051604870
007960105106000003000100700000407050310006000405000810200030090500009680008620000
000062700098003401002010000041036275320000060000080000037000900000000300004371080
030090057100050000504070006009000100071029030400001020002040000300800704008900560
000009006506001040007040003405008390000702008200004005000000070160590080020010509
700009002008020090005710080060290801080400060050000200500800100206050000030900607
073000001006020580000067000025906108040003702009000000018650009007030010050000020
400020000260000040010409038000005060350004009080010720030940007602007090000100080
040300005095020100000005003200030071007042500089500600003400700000001300620700008
170040560809070001000900000006050000001002090300004107900006750000080002402710800
105000260009008000007509300910003020408170050000000001000900000802705036070080004
045370190000500380019000000600400019020005000500090078002804050090050000100000037
090068020830002005000000007004080206900030080078601500080300000400007008200010904
008140003200807400040000500009500010005432000007000045780006030001700604002900000
060900000000003890031600050020030009004070320016500400000000005040050600053460082
500000000600300850008016370000705000780430600005000081007800430064900000020040007
090600000403500009800200650900170502700028000004000080306000000100340006007005390
040850002790200300000040109000002000067304800400007503000036005900000230071020000
000410000600000058024700090090170030800300700050000940300600019000901500170080300
000100830009003000138400007000000350657032109080005000060200001010600003400090600
002000070008700500004150306070095203000006050015200060000020600001040000067300120
000083000726005938300000100400600200090020070030800405000100004000000061143206000
209050300700030000000064907301470008000800500500020090000317009043000200008040060
020000006045009000010063475704008001000304090008000004006400500050610009071000003
700008000060710005085000037016800003000030001049007500174002000000500340000409002
200030090030006002590001080000000000800070360045603007700050810609710005001000009
760300000005920000003000728070600210001000000200503407038045001000030000409000503
900002500080040090005090800000008100006400002041750603000304715403000000500806000
062140080050800000030000104040980006001050048600000000900006010408519700010000009
005310008900005002061000070000200400010030000206048095040000300600020840073850000
002500007030070504080004020258030000000002001000050208043010600600005800001027300
900060000100007054070004902097000010020470809000809000003100005410700036009600000
300000050200190000001070402000700003768250090002008005000610040607004520800009000
047006000000080002060040357896301005000000900004600700070000039009023001680009000
008040039260907000100005007007010040600204800400060010070021008000000000082090570
069217040005400903000000000000302090004000025730006010857000000006070002000190780
120070000000204067430000500200100000043000090500062084000900003804700052019005000
000040070365000400010035008520000007030079040070050092003400000200000903700680004
016000002000030700003250061605003000000018950080700400000580004760000018400670000
048050600000100840030090020090000057001049080004205000000010009380507160007000008
020400063080020500007039002850200900000003270060040000008000057910070620000058000
002000000006500802405870003704003600068400090000008050000097008009045030107000900
000060000190208607800300050000000009020080100408971300600030400000040703730100060
004780306000000000023100907000000658007320000046800200080000000072060004005018790
000309000040100025302005600200000080001004003700230060065000400020857130007002000
021050004000000005503204810702000069000005000900028140050000020070060400400510007
060000507500649002003000000000107008090200304680004070005406980100000065006070000
090002000470800000000310794900003608005000000080260940530000000802040300000507021
300010000000865000957000861008070090000028070720000340500700010002039004004000009
070010050251000060000054103060805930807600040000000080083007002000008305400002000
006570001703010800000009003005300000001000304608490070810930007060057002000000008
000003000900028003360040082800510000004007306120300007637801040000000008000070030
000006003098000600065031800009000007630129050001000900000003005702500040800604009
000900200809010300061007080090000700010320060003070002970043600204000003000050908
030005070000000000905081240020019003300000019004030700450008000000097005706500190
007005020010090040003010900900008006605104009002009800100407003000000007730050062
009008730002300650070005000003800007016073000080100403900700800000000004530280090
000000000701036005850002790000790060010600000560003804900350040006820007020000008
001000069000609050603400000000010270720060000038502600056090708000700000300100046
090601020000009050120005007849006000007932004000000605060200010002003000080050036
174000002000008001000910057008000010600180500050026904000001300000700005917600008
500080619400000000708390000030907000900020730100000004080400100040500300609203005
710005600906000530000037090000400000050010074104020300000874000400000089081200040
800070090000001270407930060052000400070005030600028050500000600030040008004510009
070000006020306009001079080007098200000002000630000790098007001000021000406003820
005000300200060700700493002009050870050300009840001000980007200100200500000036008
070005100080000403009401000002600050306050200800940030028010005600097004000500700
500960000680000010000205630204080009060000002000402803006000400010306520007020090
304000200000032000700406983000020009000360500469005001001000600030701050005008007
104025009000004008020900700000071600047000205006090800000080006031009007800640100
603540000970020014000900800300000406200095100008060200509302700004100008000000002
906030000005901084000050290002000035080003400009810700703000008800097002000300040
000000000031904207900200010510060030000170049006008050023800006000007300708010020
504800900000400000200003180090201700800600040020000031700900000083000490100308057
700400800300078690900000001008000230009304060040025000000700080000801500827000409
090230106000008000403060800604380050000070420300050008900005060500800200700004500
810706003200000170000410000400600300090840000500002680050008700600031020900004030
300005007600070190700018000400020050207009060009400030000007000831000500002053680
050030006060090100017050380100060054008400001200079000700903000080000600090007430
730010500200006700000005064020950000405008027300200050602003000000000609040560300
000000017700004059501706000680000031070020000900078040000800000098500120060009805
009000042018045009000207000050003001002009560097068000030700000005006030080300017
007400020050270000080001407700900305209030700000607000000080100016004079008060040
508900603600800010090200000250000380080005000000480002103098000709002006000004170
500004807070000000100073609402630000000000010600021403005000048900507300780400000
650108040890000007000050068020070406005000300006305000000003000400000030368097205
700080900840020050000006001000170006003204000208000705050800063000500000124903070
002057300090003600008090150500080062040500700280060000804070003700120006000000800
030100007700080000800670310000910570090700080547060000000021040089007000400000051
043095001020700030000000408056070000000000054008043026907030010000100007002060043
108006070400090006000012009020608510503000004700020003019007000300100260000004700
009720500013050008007003006000400030800900021276001000090010700002006100100007002
400050007020410000800000105300008600090060470700090008060900500010502030503000904
080002004004000090700403100030000500050804900020090780005008009109500068002009050
020000080008467020300008700200084060879600200000000015500000070090120050080050300
501760004000000030408030059900000000010600903006920100050046000370002500000100042
200007500106000008000603090860001050004500070900004601083005009040002035500070000
070010056002036000500000090090000040700091800800040910007150000250009600080002071
000406021100008000209070004000039050904010008070004009001790040087002690000080000
096000002000710009701092500030040000009000024600980050240130000000000300910600048
500086700100007600009200003090000200080005070305720040000000900400891500073060010
003090500560400007900001360097062800020080009040000006010000603400307200002050000
000070009087000100004815070600050014075003000400080036000020800720030000001900603
005091007102600890000000000800000046009400501060170000086930000700000650050004230
008050240010300000054900800300500000520700001080009032900003060002806004800010007
000091050001006000570000109008045091000027800607000002700010020020078604090003000
030007082102408000000000001300002900020010600085700100006084500000005806098300200
300200006070300400400950010100002530600700140004003000910000000000405290200030605
000060002290300000300045910000006004709052008050080090080001400100009020070020160
102650800000200600900010002005001023030060100010020000000002470809006000700904506
670000450400127800000000007510083700300000508004001060009010080200004070800600200
400000200005020036006019040000050000087100620004060870750001069000500002090007100
004060300020004700830070004910700006008009500070005090001020060080003400300500210
000530400009080000830070190903056000500000001000190304000700540350908600046000000
983570000000086075000000300006700000040032190002001400008000059070190003200800010
530000802007540000100006070800100057059600100000305000060800004780000090002093006
091030000003800069004690350150006740700004000000010900087000492400200000000073000
670009020000005090900700504806090240020000009090602000007030410500001000300206070
078500006000004090409800750050400100004700002060003040700005009091300020005040300
051408079800000015000050000790030400010000500000092030200040060003209048049080000
280700506360009020000020090040002000008005042002070900000001200020047600530000709
002105090000720004701000800240070900000060200006410087108050403900000600000047000
120000080000860300058030900000000520206540800030200090300020000000070140085910200
005000000003004916070320000900206050520001600000005720650000201702010009000902000
000301000007020134039070500002000000000160070906003015251800700000600900600010003
000050079700030600906400800000000008600003000507084092003709400002060001060002053
020001760900540000031020005000800000056000001040013570270000090080950010000082003
090503006000090305570006000950740600100030000080000501700020809400100700060087000
207130094010070000090000030042050709000749800030000500900081470000200050520000000
080002003003000406060710000804150009000090012001000050040000520700829300002007008
009005100000230549012000000000060080108900003700300091600009000000008720480020056
003051900050000010010070400007040000000090274540706080389010500006300001000004300
870530000000000003040610207080040900310006870000080300037004068500001000004800002
508020001300408000000000097130706000700090510000005070050600100600301908003200700
000200001400030080016800700031420070800010600900500004020308007760090050000005020
900160002002007100050090080000000010305802070008050903800046050009000034020070060
004500020100002040080060009000007006000800000357009084021050090908006350000408002
000300004487000060000709280040020090030450608500003000100000050060104000004670031
520300071000000420040901000154000000000007108000153600000030200360080040200400305
030000040004602300500400020001039000200000138700008090090017050000000400370280906
200003015904050300030100000000300000350080042001020050503000980008900007002540600
016400000050008007000570210962803000000010030030000086805060003040000190000980600
007900003003200041080030600020007300000600008406300750030804190600003000008700002
000100208010700000450302600100600520080017409700000000890073000046050082000000003
400008200090000078020079500001460700000820090064000300510000006006192000002000910
005060021231000069000032000106540070040600030000000690008005000000000040620310580
900604000800032060700000920008310000490000030200050609004060002005000410309108000
040607000950001060300000078600490020000000080431200050009300005023006009000950007
080700046003650007702300000605108400800090030400007000000070605900800000350200004
000500000050200080140000657014800000000000061003714890009008040680037900000002010
900306100800002300702000800140200006000400007008071200400000659276805400000000000
030070069005200700006098000800000090019740603004000000400030900600050820590002040
574000100100703240000001500000005000005600302400307600002500061008900050007006400
200015000100070000005060190009800000000300005823100074017524300082030700000000006
010002040600104570007050000800096300050000081076018090060000854900020000100060000
009400008000109700105080400700050063030607900540090000050001000080003120000260007
400560007010007504020001009800000040007002800003108000504009020090050000070200395
500048030007500060030010020000007005950020006701806090480001700000900140200000080
000065010400000907602000000003080002526941070000000090007690004080010030004030109
780002000002104003000500406050000000400608000608005710000401000109003057030006102
000207003009010002102009067000005000020408000008060531916000080000946000000800906
000600090641000008000004650100503002003000080805007009409800000000769003706000025
502940070040000600009008024020150030100000006008020045001530400000004000406700002
900000030045320000080109460000037084057002000004008000020060001060080090700054300
030000090020093108006180300000720080603000920048000006000045600065000009010002030
000700546050001900026008000080500000140900302070000009360180000008000030500030894
900056000030080060004001200070430900000000710629510003540000809000040030006120000
050002000703600480000450001840029000000045029005000008500203890000070050300004070
000100080200090506078035040007001300690000001005086070050010400000803005801050000
400270000000060400208100705009007000034820006007050300703000048010680000005700090
056900000007006030200804007000540700501000040009308001002605380065030000090000600
087900060000001090000640030009802070720060089000090300004006020002007403003400008
000903506091200300025080400004890000010070008000000170150708002000509004007000003
010020609407601080000000001001300704504780000009000005958200000000043000300009560
060104020500002004014080503020305400035000060006020000000006108082003000009400005
700050839060173000030000006400200000108900200003006090000004020080500073650020900
008603009090000050600054008001028570700005000005060002000200480020030100009840030
004090000005001007907500002000010025002000070650082090200600004730040510009170000
000012009500000600602900007160200050700080200000450000950003016020170800400060020
000005002957804100000003090730000004041307050000000670200570340004010020180000000
852709040000306000000000750070590320619002000000000001100040005005003200230000960
600000301000041007084006090000000500009075400560390070000020950407500060906000700
023700000000004060150830204000000000090301507008200010940000020700692000002000931
090007180000300900410005600503000010700020094020061003900000000007006400100030769
000700008028034100910080700007500300300900010090000600040020006079000030200367004
002830001000004300014500706020000005508209060000000008200385004040000000073040509
450800000003070010700029506020007000900000250800500730580706003009100070300000008
540010020000000730009507800003000160910004070005090040600000090000280050092001083
098050100200800070007046009000000960529007000070100030800900053000002600705084000
010004000200000908085260030002701080098003700040020010006400000000050070020180650
320504000060010003000300045046102000002700010000003027070050302900008056000039000
090005300004073210100000080001200078000590030730400600058060004600008109010000000
600200000008007090003040802000050000304000580085030020160090708000401200057008100
900000005370000000050746009090020560020068090608000700000600080035200640009800007
080010700400000030092040005040003060000000800958076023020680059060000000003005670
005760000000053800460000200039506080020080400050001760002000500500090023010075000
005000700200906003049580006500730809070800000400000030038090610000200070000073008
000000300001398750290000600700030240000900100004870000002409070080006903907000006
064080100009140806000700000025090060000010750370408009600030000980204075000000000
920000003600700080005010902090405200100020300040000098010050006300000804060043100
000050040407300506900000010000030780098010000500908030605000903040500001003206050
980000000000060100040003705010000052030705000605030804060000907070609030290004006
000905706837004500000007300000060103365100840100070000080000030000080000090306018
305000060060050070020810035050293006800007450700000009000600000003704091070000008
507802104000090020400000070670000000800006700300500098005020007036008002008057001
150000000006004000700803506070005060908060000600980730000000003200478105509000008
030065000086000015200047008020010800809300400000009061008000504901070080000400003
106900005000000030403850090004008000089470010060100007531020000000300140040090050
080000040020010830019460000000001000706000520201607304050000093000900002900035400
650302800020801000000000002001000007000147509705020300200004003400086000010003068
600015283000920001003000000000000000006507140581200900010700365060040000700602000
000680000200000800050970103000801400180060009004050010401500900500040060600290040
000206809000001000043000100307002005000080016150070030006004570790050000400307090
040700000080000032009600108904000800500800607000064020003970080097005001005010090
000000050003109004769504030000097001091050040006800500400000000058003017600070400
010460000060020790205080600000030107000906000023000904600050870004000200800103050
070900060800507090100030005007090006008400009041060300003004900000002700004310608
480900052000800401300002000506083027040000000000201000700060000102700065060300704
040080000168700950000000020405000780090350000001046300087009604000200009600400800
008070030050003480600002000007510008000000051009860300900040003070301004031000560
007090000200000036000301409004006083008400000670050100700040010030085020400200095
006030004005002301100000600900007103010049020200060000300090400008706002700004508
001507000207003054000020003760030020040170009010000040006980000003004000098002016
302000004090201000070008092006010000000080016030760920200406700100000060809100500
024700000009012080010030900000309500305000090001004008050007009103028650070000040
076009080300700010020100704003075800058201000000000023600500000790403000080000092
200050009090002807780000000000400083600017005809200070106080050400500090900100006
070009060500106009020400503000700100004203005780010006800000020050030641100600000
005040000080009150600200094004802071308000500700000000290006815050000006000513000
900102035100500690000030000510408060800006057000000000630200970040090500050600100
009367000000000020180000043802001400704002890000000005010000004048105300005790100
040010050300000000078460010760000900020045673050600000405100000006094700010000042
001502009060008710090003000000300005809704020070000403000007600086215000107000008
760405038002800000000003000200000097046970010000206800410007902007100050000590000
600010807000560204724000000000005072405006900010040003008000059007090340100003000
000045900070000520120600000601009008000700000507008400010052300803070065002080009
047008060120670040000020001030000070800004300710830005650040009002000600001906000
000002000236090500000000170910604037700800010003700600008900000057046908000010003
085730000200000301100000080900000002010480000003902417006010070001005906300006050
700040102000000060060971000006009070007650000401000096035700020079160300000002600
001800026806510000009000008908040001100790830070000005500208900003900107000001000
370926000002000903001000050000060000106009080500103006859070001040800200000490800
200080040050204610030000005005000700600510000702860009100329000090008004006000097
000180090005700040063900008000509402007060000082040067300408020000000605700003010
900017500060200007200000900050070080100005409000901050800009700300004006590180040
100030020200050069030000001028009150000006700060300040407280600800905400600000200
100700086580490020006000000960500100240060000000070965050007300800002009000050208
007020000510000287030108400068090100009001070400006800683000000005300710000002300
010000540002460000074030008080602419006043000000000000000900260061704000908000054
700540000890070130600800000000200903049107600081000000060000200008765004450000006
000048702400670058700000000000852060012000045050100009100020907005009001008003000
000000000075190800260000037600020074900010020400036900800050009003070002094200003
900000070400006000002094301040360700007001000038900002800003050004580026005020080
000008400803005100109030508000020600064000090002940010030200001500000046420060300
600020000010708009400900052057100004004030020020094070000075900009206800730000000
040607000950001060300000478600490020000000000431200050009300005023006009000950007
060020009105706008000900160050002040000480600240300000020090030001000400030017086
740009002008020090005710080000290801080400060050000200500800100206050000030900607
000027008480000000001840029005730006000050940060009000000504060308010004070008210
073000000006020580000067000025906108040003702009070000018650009007030010050000020
045370190000500380019000000600400019020005000500090078002804000090050000100900037
050480300083050060040002009000200000090000046020067008060708050570010020008090004
000200600040900032020050070009500000057008063000307500030400700700009004490065008
040100090700009042600072001210004300507681004000000100005340700960000000000090080
400050890000009700200010060070030104104900020600100000820004600500700009040360500
500791003020000160000000000000100040000008001671002309010630050950200408030040006
031000002060003050000160304000809020300000408018002007403070010096020030000908000
410000000000105024506080000970040300205090400000600050007950806009800073100006000
004205001620008000000400030310009200000007305760050090080070500000006007472500010
400500819850200000000080002500603008040007060060900704000065000000004007075008041
601900004037002960000006300000800002240000000100700436304090010020500600000070803
006004000100007030030000908000900080360000000907350641000048396020503000043000200
010004820080690005004070030000400500040020683300008000071006000000010062002300140
040003008070020050006708400430080090100900064060007000005002901300054607000090000
400600185290008000000503900008200300009004710002130006980351000000000501000000008
000097800756380400000000000043100700500006302007030100800001000600040013019020600
080700062090306000000004790650930800010800670000040000840070000300060007009003250
000530086000100700059000020000000090065974000910000840020050100001200078607010500
209050300700030000000064907301470008020800500500020090000317009003000200008040060
007908000050300002018000370000030007020000164765080000006200005000090041509003700
200030090030006002590001000000000000800070360045603007700059810609710005001000009
000000357400010000380762090000970040860400025500600700700000010053089002000000600
900002500080040090000090800300008100006400002041750603000304715403000000500806000
050026090040830251300000000000008002008109640071200000014600700006015800200000000
010290050003000400807000001760000030140800006000017800000502768270000500080064000
037210050090000306006008000080600001902080600060024000800705069070000000010803040
001753490007000500040000200005900301400000900089032006000870004050001002008200030
002500007039000504080004020258030000000002001000050208043010600600005800001027300
000040070365000400010005008520000007030079040070050092003400000200000903701680004
002000000006000802405870003704003600068400090000008050003097008009045030107000900
500030706600045003902000040709010000000600000000009461390004650000093200100800300
029007000000800600380600204060904000000000065007360902410702056200086100000000000
005001060009003070016070003000050900520009040600308021854700030000900710000000600
090002000070800000000310794900003608065000000080260940530000000802040300000507021
190045000000709035070000100000800010751036000300400600510260007040003200002000008
900001070010950402008007000400060201000210045090300000750000600000504003100670008
000062540106003800008000000500000320840007010007010005700080050010200000602035074
900086002400020180008030090060000003005003400040207560000801004507000809004000007
004360501073000200000904070430106000000070400007008900012040000806050000000200639
200000570800050600069207004000000406650410800400708000100040000040000305720805000
000080900810500003900400100208015040060090210700040008025000000000030000003152096
007005020010090040003010000900008006605104009002009800100407003004000007730050062
010070300602010000090500010004001700060007804509003000230100000008740620900000150
000020750029306100006100000060800507002010000150960004040700300000200809300001005
009008730002300650000005000003800007016073000080100403900700800000000004537280090
000000000701036005850002700000790060017600000560003804900350040006820007020000008
030000001540038007000001350050000703806020000000010820002006038400190070100007040
700004800805706010000900700050091070206000030080000500002000064004170900300609007
004000380085107004000604010000200009900000700020070640072001000009025063800009200
190000000400012700000307900900020500025090604060004003800000406040030020270006800
075000006020306009001079080007098200000000600630000790098007001000021000406003800
000504106005090020010000070700061000040005063208040000007600230000072600520900040
470005100080700400009401000002600050306050200800940030028010005000097004000500700
602005009075000800000912000008060003007400005300201700006008000000546082800000910
000100400004029007371500092008000000600402980410073000003608001006090070000000060
000000900680090040079465302000600003003004010061902500000000090300040006006070104
709000401000087000106000780004800910502600000010500000040030170060050000970014300
600900205000200900095000030540023098086050002000008070970000800104002003000060100
200000060000195702108200003600040000023081000400000031730050008050760004002300000
470390002820500130000000050000000090000416300102070840000120003503809070000000500
004000200000032000700406983003020009000360500469005000801000600030701050005008007
000600003010004570249070060463000081050000090000708005900805002000000004001006950
006000908014903072070000000007002009000860007382010400020005004400108000009600200
102050900000064000084090203006030800400000097790100020501009400007000030000600015
700060340100009000038570020000000008826010000003007500094056070007030054080020000
700400800300070690000000001008000230009304060040025000090700080000801500827003409
810706003200000170000410002400600300090840000503002600050008700000031020900004030
300005007600070190700018300400020050207000060009400730000007000831000000002053680
000000904000009060709040100600850090100000700005470013502700800300010006040083500
009000042010045009000207000050003001002009560097068000031700050005006030080000017
000800200721300800008000079105080006060000050000165790080794020000006004900000500
000005021350010600001409500000070003030028940800030006900000000176053080000090007
000030000030906005400005160001380607800007001306400500000009010703560902000000050
100500000509008340007092080704900500000070000206380090000006009605007200020000630
508000100070009605009030070020100006810700009000908000360090000100065007400007302
200060030043079000800100594009002000020000400000794002980000010000200940060081007
009720500013050208007003006000400830800000021276001000090010000002006100100007002
400000007020410000870000105300008600090060470700290008060900500010500030503000904
970200400602000050000309002800400560006007190000590000087600005504082000000900800
908347600300900800070000000001500000020008096087200000060400100000050064014036008
600000100030450070000600904005000000070800052204300607003006700190043508700900000
530086700100007600009200003090000200080005370305700040000000900000891500073060010
000800070930005200064000000250703080400008029100900700000010060097502103002040000
000408600000000009894000000900240003640070008500006200038109007700004310001005002
050000000070402850004019300093200008720603590000800200630000000910000700000067002
930650028100700500005004007400007090600000003050800600080170000010030700306200001
004300060036000200800700039000000006453080091000100800900065003000800042067010005
005000000000476901007900000050092360020065000806000105500000032000549600060300007
386409050090000081000000900078004000003007060100902005007000208030098010019000007
020807035009001006750600004060905800000104020900000000095400000001208000400006510
006004000100803967908200005807030200501009008000048000000102000000007100610300070
000003000008000700020800006060100009510079080004002610040000061306001070100396050
000105090000720504701000800240070900010060200006410087108000403000000600000047009
120700080000860300058030000007000520206540800030000090300020050000070140080910200
006408053080009004000700008007000000530200600200637800000003190010006080060074500
090503006000090300070006000950700680100030000080000501700020809400100700069087004
200800300000000090008009025001523640030008009750000800000340506040050070300900002
008000000000035690637000042762003000001608000000040730050000000806000250020061803
005603080809052006007000209700004005000000800004060000690100070000500030520306104
005000040010840250046503700470060520000300000000054087009000070050100600000070015
019246000038070201000000000900008003021030090070105026004000800000001630060080010
004689502210000040008400600007060300001900020560041000000500069105000000620030000
050300004487000060000009280040020090730450600500003000100000050060104000094670001
000000193008005006700004000074001009010006020009450000090040600540000008800729401
450000200090000078020079500001460700030820690064000300510000006006092000002000010
005017000206005300700004080361000400020000005000031026140903000000006003607008090
001820000000509010279000040010706000030002086000040109790260000100080000002100604
009008700016403200800100000002000500060900400098010000050200093021650007007300002
003706020900000104820000003030009640070010030091000080050900400704200000600804002
004200090850079004020100380940000000008000200010890070301500000000308001507040800
800020000003100050410000239080400020500001090000270560000900006009530742070010000
009100530580000000060005027200008090098540710003020600017000000000800004450006070
370400600106507900000006072450000706000273090000005800900000000000030087200800540
905700020008900000700068030301040000240870095000090210054030802000000050000080100
200000086006280500087000040063000000000907000049805702020600900074008000090103060
100970040000020803700050010050008004006002080082130096031000000009004000060200038
002000009107802060004095000008040000450007300030501624800200000076100000003000501
040000080500080000000659472093075020008203000070000300000500710004016090900300600
060204000400780203000000410079002006300600000080000300050907008710006925002005000
500038006000590010080000025905400030008100002100000480000601000860009004204050300
000078002002500700417600000750060004000340000801002003009000050000080300008936407
000630000000004003350700429018000900600010080003090502009308000420070006007400001
300060400006000003780200690600380150205006300900700200000000000103009002042003007
060000084005400030403726009000050201050004000009680000804000517607100900000090000
000030087702100009000000020030402800004800000609700452027000008003000065001028004
400020875102080000080000600510000200600000039003207010000000000058903140000508067
017005000800200370200076018070090031080600000000000204305060000760009500000450003
007600080930082001040100370003000060000563000008070500209050007060040800070000105
300960000008000000064000017200030000000005700005204963092470050050090008003006190
004080100750000403800060900083000001000040000029030007040826309060000004035900800
030408706050200008140700002014600090096050004000000021800090005020074009000003000
400803561003000000680701003000000002940065038000047600006010075300009000075000000
630080000000060041000107803020030000000002070090504100705208600002050010006300052
210000870000600200083700004060920041150300009007100050000003400000070006034000510
870300200300010008500000000020407301000800500003020400000004005106200970405031006
700000500008700042000351700302009010800003600010000907076005000000000371940080006
000938425030002000050000070490010500005000903008004007006140000003080006019070030
908000010500902000001530700000050000205680300084100600037800000069400200000061009
003000000600405310000907508300200700850760920070004003200306000100000800000000234
005000000000050701400869000700301058590000060080670030000008002070930005200010084
080100060030074890670008003000010624718000000004050008003000400907380001020000000
405000002010006030070500046350700009098000010000050203500060000080300700034201600
104002000059070002000000189075608310020304000003000000400785000030000907000009460
038069075000307010054000300305000100000002008000800043000605900501020000049100050
500980300060300948000070000310040009800010005005000430000520070400700203009400050
000000020402900100037060000020090000009003601703150082306007200048300006000000890
080045006500000000079602005010906400000000023040820500800090000420000009007458100
970020056600057000008000209380072540000000300007100000090010020000090063005743000
006270900200301060001000050000038105320010800010002073003090000000000004902850030
700180600900002003082070009408200000000010080090800500006095708300000004850740000
006400309000001086807050000000080400900002053302040090030017060081500200070800000
072095000100080600800300970301000000009801360600920708000000000008500040030072500
800004150000000700003052690000308000000905080108020036600000902002506070701003000
000000203000274000480036070300000000826701039000090000910003000203160080567000000
000072000000060030060409280200010008010980400506000300600820951058090060002000000
001580390205000806083007100009372500000090200027000001008009000000000600702803000
000150800004003500062090003600000000008940700090870000800000100006531080020609057
000006094200810000100090007030001000070205000000084706008009003390050000400368270
009006000206197005000080900072060003408000297003000000700040300920008000000075409
014650809000003500000048000051070000007100000309005071073800010100490006026000000
010080300000000000008100496000052000600000007390708050249871000000009080806300041
000083900030670008002000600000007000700400360000006095560904010900002070008701039
604020007003050008100063200800506000700040023300007800006174300000005001000000906
907060000005003007001000038000000500006490003209137064000240785078006400000000000
004900020972000000000004008740003005801006000305800761030005006060329800010000000
809002000000703000005000087050309600080600173000000400300500060001897002027030001
000024080800065900600037000200010007015000409078000030042001670100009520006000000
000060009009000850024390761730850000108000007500000008200700190003004605000000002
080090000930000201502003798007000905095700000018030000000340000400008370800020400
019205080006000400048001259003009170290003500000080000075400600000070000060050020
000014050500070009170000200002000430050000907000900680005100002086503070700642000
007000040983040620600038000208050030400900070300820000104000203050006097000000100
000100050000052800071300400800400073103600000090538000068000700900000108002040506
000000395009060400800920000060571002000000706705000001000806000007130209008790004
600000000050076230000908100300090600089060007164000090090500743040000080031004000
000600708050080000000004093061807005040010900900506000089400000613000240020000680
001000090400000031006290050800100000004020900020009007900815302002470000013900400
000060001005000002170004036500432670000000000802070040207001360030007054000000027
006230100018050039032000605000000006001068904900005000003090802000580060000640000
600004080408070006501003700380700000006000030010005000107030002900047000040012650
003600004570000008024890150000038006000045080080060470108003002000000061005200000
070010400000000000002000900040150702800070009000900003000300260024685091069240008
007800060008029400000005003790000602001000000600042090002000100140037280076200009
600800010047269800080100000020000083001000009003401050030902040008700001000308500
070001040593000100010080007000938210000007086000540000000400603000170000040865090
050840007309000001840000306490037200000495000000000010060080700900201000085060002
702000000000008093080000425905000006304095000000237000500000302800302000003970560
005004600047015003000708015000950030409030100000402500304000000020800001701009000
001265000008300570000000090900000100006400009015903028040000087300020065607090000
800000030002000070047803005081405000053908060009060010006004000070000050900076201
060700050000003006001090034300050002250000010008204090780902040000000007504600089
908500402360020009000600050150009008070000004030012500690005000003000025080001070
800000030203000806060000001310080600086030000574210090650000000000950007009020580
100048030000060150070000004500400003086000020030085009009030008400502000001870690
007000000005238067082640000000006001200100008700054020009005806830002050070000030
000000010070030040004170009003004070010000800900810005008060007769042000005980403
810200000003000020029800040000030200054000317031020009970500000380000104040000690
004060000710300000200005014002087400070003080306200005030900800047108020800070000
070000580085000360000600097100706050000905600060302000309001075400500003000030010
020010004005000000168070003090300000001047000000008090003084200502009800079620305
030000172208030905000902000060004000300000500020183009000000056610000004070049230
600000004010007860030800270067014000800000100520900000704020003083005040200700001
200600950080090001070000026000006030790318500003905080010000000069001008800040600
400000028230070690001030000840090000006007010002006045600150007070800000308020060
600859030000002000005000700000470000090508000807300450580010907700000283004080010
037000509001200700400019300874000050300600070000405900000004000500060807048190000
001050020000042067000800500560009004800000001173480950005000290000008073700600000
000403078000008206060205301000100032004780000672509100500004097008000000003000000
100000504050080000000506280000000000290300040560009070000007406002000038680490751
205800490000203000010407060000900072000304000750008030400080529001000300809000007
007140036000000408094030052009000871065080000300070004000800000950320000041090000
800040050050093001000000008347609000000308004009050170032060000090002007000935010
008572006000000704090600010260000500005020000000400007006340092082709060004080300
000208750008000900090006280051003007600027000007000140102005300700060802000072000
000468200000000000870100000080030007207600548659080003028001000403000000900070401
005107000400023106000000900000600302750000060003008549000002000039580000064031200
180000207030010069000000050000047910090120500304005000902000005500070890040900002
072608000001720500830000007709000810060057290008010006003000000040080100000372000
700020580100000000040000009000000702000170008070098050980030205005710090610500074
607500200010200873000700004790400000008956400400120900200090610060300700000000000
000005062903207050052000049400038000010002000007100204200060000000009071008704003
069470038300500001080603000200050000750010060000030900001000720000000309007302805
000207069090068300010900070000070910001005230700000000050730090070020006086001040
001329004009000100002801000080400001300608040240000060008104039003000000054006700
030508070560020801908030000004003050090000006800290703000152000050000400179000000
000950007002070093080000006010006009500084300608010700030090604000030900000407130
000074580000056002800000097080060003120007840000008700090002300000710020207000051
000903006000560010200700800481276039320098007000000000090000000062009050004050060
500000000021750098000020705700090300008002500600100007013507002045080600000004009
800003501153060200000400803580000612700006040002000030000019050600000000004007320
600030000041070305709506000100007004000060080900000500076003108500701000302080070
000009600000308010106542090309050000851200000070000100017000064003080000000006537
590073082008050004700100030002000890000000046600800001023709018000030000005048000
014000902500926000090000700400008100009030200000200640000040006060073510100005320
940270001300100026000040300460000000007008000008654070890030052001002000700000049
053008060704060900608900000000809000095304100080006407500601000000420010002000004
000490203000700006003000700000650030100280600006007000060530009098002305000070482
040005600502060900000870000007100065006039010003600400000008026020046000010307009
003000020070009000056720000000070080067850001000000200090347800080001046041260003
890600000000100407007300005020700900700200100060008004105000040080519070030407008
000000090405800720071000860700940000000020050500008004039004217017003046000006000
003060400020400010040000009310080000970000051400005008800030002796000003030718900
407000209208400000000206071100670904000000010000020560000009800000800043002513700
008002040000016802000090000300001705940073680007050000080067409600304000000000270
926001803000050406004600000300090104195000600400070000009000060857000091003005000
000600091070000060006000850040030008508027010612000704007980040001003000900200600
500040018710000902046000075090800030402000506005000700030004009000010000800507103
007002000080000045305080090000900264090800001002600580000000920000056030720019050
000007192010408030000050008000004800300010470020705000060009050090503200030072010
080000740060820050004010900400058010910000520020100007090000000801006000507300068
050006000060031840000020030008000295670350100001400000080000060740900320903000400
090800035050300060203050810400081000000090040005743001900500007000006000540009003
004098000020000004800014203045670030009000427000000005903081500002005000080020006
000630000000005300054020070030059704400007031027001950780000090009000068000006500
029863000000020930361000820000780200000000090702510460800040000070206080004000000
907000600000905000400000082001342500006000008000068024030009741009000835700000090
024060000090000000308020700005300020030200046002010300900850007000009801400137005
070000089038026070500000003600800300000157000001003754000032006040690507100000000
004030000090102070023040900000405000018000045000090000230000861001069400846000050
007094208900008000020006100090000000500000910001030082000207801016080490080400600
302010940000000000080006105020360700000000690000500381007053420910000800040009500
004010030800000050300970000000037012000189067009062000572800000000050073406000020
000200013000060004082000000040096350010732600903000100009001020021380007000020800
000200000400057800837000002900080065601040203000003900250104008000500406300800000
140680000609001503300095060060408050050000940000006810003000201000300600070000005
700001406400060001000004079300010200501000030000005007176009053080030600900650000
170000000000020040000103060200604387060300092800900004001200000090417000700008103
000000050100000708007046020400069200000480070063120004719300000804000005000908040
001000300040091080932008076590060203000005060000920800000003020080400000609050400
000009004300280560490007003005000102600000050807905030206001300000030080000400097
007003000582709000100060087891500004000000000020000060208000090349000100010928050
300010000500094206000062081002040000784006092600000000003050940040020060009400700
180045900740002300000000460900000600070630090003020870800000000007080030012400509
020938006160000500000000073784000030002004607000701004009800300001007005200003008
090406025040300000001895000706020400002604307009007000000100000065049080900003000
000000000450200007000807012000400708800125003005030000000302400508600001374019000
010230000000640105008000300300809600800004200607300004000006007000000803182070056
215708906000000300004050080020640070008005093007080500090000002003000710700014000
000210068001004030000008009000030080010007046020009051000000094009060725004002603
209030048601240000007500000000700613000000029060010500400900000006080000108372050
020000801100640005405208000703000024000120000060054910000060009600000080040900037
000100600000786020090300187070003005810900000600000904208000451009030000000801002
004000000090032680032001009008000007009315400006097002400056100601000054000008000
001009403400000600000003005900302000002870000100605030000020068010930007500006921
000004090050009010000013002160580004920000080000030200080027000571300009002090170
000926500000080006300705090920600000130500670000038040000000807600000003500803019
000962007070000008400780050023040900084071030067309005040000500000000192000030000
060009801009001000850300709200070005500040000000500307480005900000400003000930284
040320000000501364000040780020804100500002400086000000900200640008050003000190007
200000060600000040307004120461003892000000070009002000100360200800079304000000610
000008006640090300000503090190007000057009004026001000300000060014030287000075040
021004005004008070506702000030050900000000000040076023000340200075109080003080007
050070000807590600032604070000000760008007005000200080009700210205080403410000000
300008619900074000502913040000300006005007004800092530040000800120080000000000900
700040000009080475000000193470300000008004000030520000000010360204030800610800250
507040000100082600006950830000006008000000200040090063630010024200560000004030900
100600037820701900007000000006309010001000024480000079532010460000060000000400100
270000890000000006004008010031000642067410000000050000000240060423001700010890020
100504060000080005000000903700000001810009300002000098000000500947035082506102030
000016030000900000450200910603000070090003120100002340041020000000087400000040253
040000706080006900970010530860040000120700000090000080650090240000028065400000003
900000070240007000500406003000060020070200001004310005790041300030005240460000080
004095070083067204200834600091000500000300018000000046800000000106009007000506000
000001407670002090081700000000000500802406100000090086004030600026007043030200005
030208000510074000089300001070000600600000007300050020860500070000186030000739200
070000400600000030300008600907001050406200078020054000000100000140090320203507009
910020400000080005030049210002608040000000020748000096023001000000067104000030800
200004036008030500030807240700000000000280007090076302006300900005791003080000000
075001080204080000090703001000400000009560820000800594620000070000025460000600900
300100200012008700050000000703001005000070000490000001109506800530090410870013000
080320059700091030000050400809000003001000000630080591092070000007465008400000000
604000000070104806021000005000006008306420500007085001008700300040063002000008007
000000007000128000186473005067000002000246500050000030090000304040007801802000060
350004189020300640100000020400001003000500004800409060006040000009000002001290076
706008030080029670109060040007310068200000400000590020090000080500000200400087000
000008000000035010000246589700090006690400003530100040204600700917004000080000000
004008000062470005000651048005082006920700081703000000000300000000095010050007600
052300000800010020901000403703965280010020030000040600020030500000000046009704000
302060000600009200001030058200000009016900000957601804070200301000840006000000070
006100007710080000003067008029070005000000096080040701000009500508700402037020000
800004000740800009056000020008175000090000740001000308580001900900003207100607000
103600040000079003004300900000002060502000080006037201600054000048706005000200006
005600008038950007400000090700540302500000000003010060087406001004200089000800600
508200097009050600672003000405010900030000008706500201000000000060034002054000100
903005401760039002000680700357021080200000100010000009000300200000007306006000008
209030100000209465050040002012000000400000020305600048000160709003002054000400000
000009540019007008000520003954001036070940000003006000100000900300004051007005080
500402708030809005000003901200691003100200090059008000040000007805000000070100002
030200010000000903601009075060000400000006157500410000942705800000020090000090024
050000008307820509069051000080507200000310000600900001721400300000003007000000610
000358700850700060030002009000069047009000006640503102007000000163800000000000601
040000290002000070706000000608402500907008000024015000000000708030907102271000300
000000817049060020210000060305000900002000081000032700100007004006800095024903000
300400000040850000000209600027000000030000580060703912871500400402300700000100005
400000030060824000520000608000400760085001020042600800096040050000795000000010004
090300020300005410000090037001700000020004000900060040040006800070049356109000204
530900000010470508079000016090047600060850000002000170020000800700501009000090700
460028935250000080000005002007000498340000000000050000000090800700006209920400310
000040200200050608060903570370081000000060030006000010005070084004000009600410350
502001000008000970030000002750040016090038000281500000910004600800320540000005000
000400001060805420400020030070000980000097010040060070200004008080002000130080562
000400509006009200907300000090000006154600007000708950000205704070900000003004890
002500004008009750007000003005800009609001807034960000080016002000294008001000000
000205000006000100000060740000070008084000030370009001040056320900304870600097010
960054013001000002000003040000069070000008009500000180630005001000300007024890056
390000864500093201200400005000830049000045003009000500000720000070084090050000002
008600904720300000005081003090000030574000260000017500600020090000000010002143600
000930000005000042600000100900706038000000004087014000803040071000067203002009056
000000086100046000062009003030200000009674030470008600004100050900000010013480700
304010850090000700007085240900800000100740600400006002000090086083000927000500000
087030000500809001006050930700000000000000860000615407400300780000020304008047500
520000800006810700000720000008006000000090008203008670600380592012060003030040000
702000000300400000014807000086009007900080201230000000840010069020500304070900002
008920000350060080600800004400308910003004000010006047000700000790083605000002090
000700000037800095000140730029087016760304800300000007000020000090000004080905600
042000000500009001900600080700402863400000000603007400004300050050020009030501270
200000000003709012701800500008100700007050040400200198070403900000000351009000070
000700000004200700201086450659000010000020080080500600500030090006005802100460005
504062017900000000007050300803910002600800100009470008010500090000034520000090000
000400509009006800607800000030000008425900003000601250000103907070200000002004380
070000001000076050009005700457100208010802400020700915000024090100000062500000000
400000806050024090000003005000002060560000947000560300324070000009045000185000070
609500020040800500000000903024000097008600030007309001000035009000271458050000000
003000000000002105406508300005804090000109000689020030000407000754081023000000800
001004000760800405024700000310297040206000108005080009003009860000005000007600000
370000000592004068010080090207000806000006009000500401060200743059010000000040900
000610002216500940004020050000000070000170009063240080030800410628000000050000020
094237800020000000030580000100000040000604100073000685580040700016000000000006513
008700000900045080521000090800003470050004029000809100005000040290180050086000000
700006000040090103001003708300028000024000087000400000000160872806004930000007400
018000000200176000000008090002060007000900500603007902027040603060039400400002010
060002050079100060000000002400629800003085001000000000006801043907540000010003075
374600005090500800000001039000205000003009002065080090009000017051900000082016000
070005408000200060800000029700024000008500900004906301380000007040070800200039600
003800000000004192070200300000000900090003417400008006009560021806000000057081003
238000000000000192000460837060200000100504000900003250700800500010000608000046073
000009005050100047071000900000095002520700006000206108700000030935400000406001700
009302008723010009000097010610000090090006000005040000030080600050060020001234500
159000800000000490000629000090002071004000980800107500060201040005006010000058700
000030002078100009009000300200003000600091007035870290900080053753900000802000000
200000000069400000800032001000078040087000003006300900020604015090080300048050760
050008400800000010763024000030000076000210395007050100002071040006000700005940000
003000800850000100070059004300040751000010300500700006934602007005003020008000900
300296010000008000005000600000420000060107000103600750790040105200000498008050070
002050010006201095000006430340010500000000000280430000010300604000708001820060900
600790001000840003002500008270603080910000630000000070801070300060310400000004010
030109000700050009092400000000000004600034500079060100007500320960008450080301000
000760039060000000030002500029006005000207680600001700010000007070019308596000010
420008009013900070000107040600000000291853460500019000000280530002000000000000706
109700040000040000040208006000084005000009104052067380003001000980002000000030692
450008031000000982091000004000400073240090610300800000000700040020630009963000000
100790800000001050070600002200439100900570300000008000500080067008027000729000008
020073000080100003900085001005008000801204700070091000608000019000306000700050032
700009421000350060000002509075000000006007100902500006508000903040000608030804000
000400000864730010010006083076500008009060750001040000030000092000809040000003670
600002000000600705703541680000003004004008050000020870308915200006000008050000100
002903710080701206407006000000070038900000067000310000090000081001000409070100300
000089270547002010000000003090074000604000090750000340400700002100800000289000150
000050008390070526450900010000207000009005480001000739600300001900506070010000000
074530000160007450050000000900000200740352010080060000598710040007840003000000000
006500000913000050000000309400270890600000710100006000029104083000930040001000907
050003287040008010000000005008006500205007000710920800801200650500000003090001008
000408200020090100004100060000001003040020896500900010000203650001600009306000407
000700060504000009960025003000300450000009100300508070096000304105030807740000000
486900302035600704000430080010003069000040075760200000000300000000027000023004000
500001900096040003000200000070030000004026017260080000600470300000093600400602709
960300700740005020000060000624053000080000000300009000495037010010500004006400203
000005000300890716047162800010080320706003000000000070028000000600970050100500080
000000160040090300601000008903000470700082000000700000400500003025300600309246015
400803000020600008000000570000090064000000231104060700051700400609408050308050000
080200905006000702207900000000005603502190000703040250400000000900600501005030090
030170090008640000000200803040000000006500308020030674500380000004006530000007089
210000003300570426000000950509300080700900104043000000000000500632800000000760302
600020800005000006010000020500010030700008400003207010000803049000092351006450007
703060502104000098000409100005010204000082006027040009016000000270004900000000700
000020900903065007002400016020306008300004000050000072538600000160800000007003004
312008000000010000008070304003000008020090000961045030030000400180500900700029103
001708630000020080680000001090003200700080013008407900060500040400070800200800009
500000008638920010000010006023560040005004003090000000400002380010803000002700460
007200000005000009049003081000081027300026958860005100410700006050009000000050000
000017406040000000036008000007000004368020000001000980502060700093270000870950200
403000000710930800090600700000000100300000589207010040030080905600194070009000010
010090038000030007009052000301500002750920140400008305104600500000000000000010470
607103800400080000008400307003000100800002096000900070504091700710000050000720040
002000000000054600000900780100000005600005237000200809057800046001007500038502001
030140000602709050090520300205060009009000620008090034003901000000004000074000900
005400206030001008409600000900080561270060430000000027000803100000200000804010070
000005280000000005540621000310000000009200037700060000090000056180700400406930108
841900003006102400090005167005004031060000070700200008000043090000090006000001300
706830902439002605000000071300040200000620008000070100002090000860200007900007000
200030050001900600900005804107800002850302001000040706400607200005003007002000000
703400006401000502000097401080002040042080010916050000000900300000000927009000008
000043800008500062000208700972400100000700008810060400100050000006804310004020000
004001700500030090008000000370005042065200080001400605807002000050060000040108370
000000073703409250010057000097062400000030001500100000600000500028070360005020700
502000078080200630610803004100074003009006000000100800400008002000062310720000000
074080600010009002069043510100030700007120900000000800020008006001075000006000350
100009043000010902090002705506201070000560000829730000008000097003000004000000130
070008306040000001030050200207604003000903570300700800104060000700000000005870039
050008000000205903007039015390001050016000000000004106005903602470000300000700008
000004065006200010000015204400100806060908300708000000000051080000380040800096007
300000406700304500006020000673800050002010960901003200804000702000030010000200008
001000020700600409000902630159026804000140000006000000000201700600098001402500000
000000300000650001490002000805100940000040607200030805080900004502003060060200038
001397400000000000400000603008060570600050010520740080054002130000100000800930200
080140009000005000300006004020078540000060701470590000701000830000000465000024900
050603000004085000680000000020190300006208907003076040007300004400019000060400080
200000000001204095703900400007400500005090040300800179060703900000000716002000030
000700459590000001100000003060520004000008320400300500023070680640052000000093000
275009003000000900300400080004260309050908000031507060000700406540010030000000800
000009058096040030100005096709000284000407000003082000001500003980006001050020000
060570800000400275710008640000002000020097080409000301000000008000700450803051000
000030000100080203083000460700000800930000002820705004009600050068050049300004007
000001006080030070370000000760080050109050040004160007097000030400000501003804760
200000000046700000700014002000096040029000001004100200010403076060080500032070910
127095000000000078800070000009302400008900063370500100030149000000000002400700091
050010030310000090049320085030080250500400000620030901160045000000000000080200006
800060020050100000060524700000000004907045032040201900570000063000700000308000097
120009060600300007003420000000004503004080001000260408001000006908040002000730049
000000000390000208000049006030801000072504809005702000614300920057000001000010050
007604890080090000090000327079000200800567009100002000500000002000010400020050618
000000030010006000009503400076000095400692003000080004905134062020007008030000040
000200008470006002325018700064001000000000409000052001002004003009020107600070200
069000100504200000700406925406000000300100080000000254000780500050010009080960400
070000610610800030800000400201504070000010040405380009000030260300000000009726050
802040900400050800100002000509021074000030102300000000600087205270009006950000000
607103800400090000003200705009000300500002076000600080206048100840000060000710040
800007000079004080001000060064501090080040610000003000092400078000805930540300000
478060100092005000050100080007300006005800970000072010020007800900500002700000630
000042960100900000000800005000071600600000003209308540056000790890003200001000036
000047000800005100100000003004030520900000046201008309000000602400570018008906004
702400100036080200004900008007500002050047963000000000140059000000002000000014659
000000009040003700000702000090800056002400003508000907603050070020040005009230618
000045080510002040007309000006007000405000030009080214090008000738020500201900000
100006000003000000080023000300000070507010483021004060000637001700001628400092000
008309046007008000003060090006081205000070000580020079030006500094052013000000000
097020380000000052000000060600400509300500270002009008026073000004006003580240000
103600050650700009902000400206003040000208030300509000830007000700000320020000804
907068124000040000045090070506030480010070000003002950000007200380010040000000800
000008003006120005010500064060800400050900070297050008401000807000080000002001930
930016070020000300005300810080000000001050700000001032870002003000090020200437680
140200736000030090206001050005040010001000600003000000302056170608027000000800300
000002040000704001700000269005901006000630000001000970090500300080410500000379082
106050200700000108090000030609400000010000004300609751002174000080002609001000070
700008001080004020006500008000000170092000305001803600008070930410309006000026000
208003009000000100000000028005709000300100005000034070900010582004802000600075914
049000000850300960000405002000800040000014070087003201038002057900000020004106000
007008920900600007000070800805000030072801690100040080000160208004000003000002170
806000001001050000000008603089760000060531000020400750200095000035006102070010000
070000408000509006050801200064080000020000830907420065000004503000010702000700600
700060009000001020000200030500027940097003086630000000060574000040006897301000000
070000108104000902050009007600040015009010480341000060008074000005300000096001000
018600005000000061000047002500368000600000500800700140000001000060030004492080713
007000000050000000300600408060081342083040007029067801900002010040000280000000096
