48
19
79
20
20
15
918
14
67
17
445
1510
584
702
14
14
14
22
20
20
81
13
11
46
44
19
9
12
35
11
12
1057
10
73
250
17
10
33
14
12
14
26
30
26
12
1734
11
22
16
12
12
405
319
13
16
59
14
69
233
80
13
14
7861
14
47
74
43
1434
21
13
12
17
240
288
28
20
1845
20
13
11
20
27
9
21
16
13
13
12
17
14
20
14
148
16
27
36
75
86
78
490
78
19
11
30
20
25
1740
10
35
756
23
13
104
35
13
3868
319
375
402
15
689
499
19
15
12
126
36
10
176
18
17
14
69
11
86
2868
18
105
717
85
18
18
81
14
3110
75
206
17
323
33
18
21
941
14
14
17
19
20
18
11
10
16
35
13
12
126
18
200
105
16
64
116
14
17
11
16
12
1318
22
14
53
45
21
11
15
15
110
15
39
3942
31
120
58
16
22
17
158
29
20
257
59
17
228
13
21
11
13
15
14
14
13
8
37
21
17
64
9
12
12
13
372
15
578
34
16
15
72
17
13
13
31
15
21
15
9
205
13
19
12
1319
18
17
18
11
17
385
11
22
14
20
14
198
22
13
253
11
82
12
18
16
35
35
16
55
20
15
14
87
15
12
18
20
13
84
20
12
87
19
58
26
14
62
15
12
17
30
13
11
11
14
8
671
17
35
171
77
15
76
13
11
14
1370
11
12
44
14
15
57
45
179
16
35
84
34
14
191
12
35
21
20
99
9
210
132
12
31
3496
20
32
15
120
30
31
23
21
34
50
17
20
24
26
19
13
13
17
14
181
19
14
18
18
13
11
29
7
12
31
2166
63
96
14
18
13
17
22
13
11
12
445
36
14
14
12
11
11
35
17
103
23
148
16
10
20
82
9
2512
44
123
17
15
1055
121
14
17
18
14
23
17
12
11
14
15
13
477
18
10
12
26
23
51
82
97
19
14
13
17
11324
39
34
17
33
47
33
41
1068
28
95
43
19
16
1631
45
16
63
1149
16
12
12
14
14
17
20
13
29
105
19
125
18
11
16
19
95
32
12
14
984
446
11
11
21
18
24
22
2261
164
12
15
74
15
13
68
11
16
68
36
115
9
212
12
614
10
14
19
12
24
13
18
11
59
14
590
11
25
10
16
675
158
15
25
16
19
9
97
16
20
53
11
28
67
25
20
571
159
65
19
18
20
15
10
33
26
30
841
9
12
20
15
25
17
16
102
100
14
61
60
13
15
74
38
11
26
22
17
182
150
11
14
18
32
225
40
247
182
290
61
13
11
360
16
46
1374
122
12
20
41
11
20
17
11
20
14
12
25
105
83
16
15
13
38
77
142
16
19
50
391
11
14
50
20
21
30
358
2554
11
10
24
12
23
12
21
19
13
53
10
18
168
12
173
21
13
91
639
15
14
29
49
136
294
147
37
23
10
85
24
18
13
45
15
13
24
14
88
33
15
15
13
15
13
15
150
26
64
15
460
16
13
12
140
19
16
29
11
18
12
15
31
16
10
231
1398
14
10
19
12
102
684
19
11
54
15
94
15
30
20
37
15
16
10
23
11
104
13
113
17
10
53
19
45
1321
32
16
29
564
12
53
14
52
16
128
12
27
14
20
81
403
14
14
270
10
111
17
15
13
12
12
97
13
64
21
15
19
17
379
13
57
357
15
24
413
15
89
11
30
12
26
105
12
16
1199
39
89
10
20
25
976
17
17
1077
18
1036
18
24
22
108
122
18
88
11
16
12
11
20
14
22
14
21
11
55
682
13
52
17
23
15
131
14
120
12
696
10
17
16
12
52
574
14
14
42
9
208
13
10
19
11
19
33
24
227
24
215
14
51
113
182
25
31
33
18
13
12
194
37
20
21
16
440
67
21
16
13
13
15
33
14
17
1829
27
20
49
9
242
37
10
295
55
16
24
17
14
18
495
18
74
13
14
23
17
117
12
95
43
34
31
2116
44
11
64
324
17
30
16
17
19
92
108
648
14
80
17
14
175
16
21
11
23
55
13
17
59
77
10
17
19
25
15
35
14
24
16
73
59
9
17
9
93
16
11
20
14
72
12
65
568
16
13
16
25
12
19
288
21
144
13
16
71
20
18
109
18
20
17
19
12
16
17
33
334
288
15
109
9
624
42
37
26
17
38
17
172
19
49
18
29
22
1371
11
12
153
105
29
84
215
14
64
14
18
11
168
41
24
24
14
10
17
14
275
15
15
77
333
28
19
83
46
70
236
16
45
12
23
17
121
31
73
22
821
23
99
28
89
12
37
20
15
98
706
59
59
19
9
8515
8606
31842
554
551
5157
4812
551
550
16
16
17
17
17
16
670
551
586
33
18
18
16
28
18
16
16
16
15
16
16
16
16
15
15
23
16
18
22
28
20
18
17
16
18
18
17
19
18
19
17
17
19
17
18
32
17
18
17
17
20
18
18
18
17
17
17
19
18
17
18
18
19
16
21
19
17
17
18
19
18
18
18
17
552
19
70483
519
507
518
523
516
510
534
530
554
533
513
685
684
704
534
512
294
290
292
726
1086
5
173
177
176
174
167
171
169
177
172
179
172
176
174
174
204
174
172
174
171
203
17
337
332
338
17
19
18
6
1
1
1
1
2
5
1
1
2
8
7
8
9
9
7
9
8
10
10
13
14
16
15
19
35
17
11
16
15
19
21
15
21
19
16
19
16
19
20
39
12
22
13
13
11
22
13
16
18
44
35
27
34
27
37
52
39
30
29
24
35
27
30
23
31
46
15
46
33
34
43
30
21
34
27
15
23
27
17
23
19
43
29
21
29
23
19
22
23
31
18
14
34
27
23
20
22
21
25
23
22
27
23
16
470
417
346
321
336
447
299
425
380
422
342
294
394
575
365
288
462
400
425
27
34
16
26
42
15
42
43
14
66
16
14
19
17
15
68
15
14
14
16
15
14
14
15
100
58
84
64
94
17
65
135
89
105
15
55
28
18
15
16
19
17
15
15
49
15
14
13
15
15
60
339
