2
2
3
1
4
3
1
1
4
2
2
2
1
5
2
2
2
6
2
3
2
6
11
2
5
4
5
3
2
4
2
2
2
1
3
2
1
2
7
2
3
2
3
2
2
3
2
4
3
2
5
2
2
3
2
2
1
2
2
2
8
1
3
2
3
1
2
2
2
3
2
2
2
3
2
2
3
1
6
7
2
4
2
2
5
6
1
2
3
2
2
1
4
2
1
4
9
7
3
1
2
4
2
5
3
2
2
2
6
4
2
2
4
3
2
5
3
3
2
2
2
3
2
1
2
5
3
2
8
2
7
2
2
2
3
2
3
3
2
3
3
2
3
2
5
2
4
4
2
3
2
2
3
1
1
2
4
3
4
2
3
9
4
2
2
7
3
4
2
4
4
6
2
7
2
1
7
1
3
2
3
4
2
4
1
2
2
2
2
3
1
2
2
3
3
2
3
5
6
11
4
1
1
7
3
2
2
2
5
2
2
3
2
1
2
1
3
4
2
6
7
6
5
5
1
2
3
2
2
4
3
2
1
6
22
4
1
1
5
3
4
2
5
2
6
6
2
2
3
10
2
2
4
2
4
2
3
3
1
5
2
3
5
4
2
3
1
1
3
2
3
5
10
5
2
2
9
3
2
3
3
2
2
2
3
4
2
13
3
2
2
4
2
1
1
6
1
3
1
2
2
4
5
2
2
3
3
2
2
3
2
4
1
3
2
2
3
2
2
6
1
3
2
2
2
6
3
1
2
2
4
2
2
11
5
2
3
2
3
2
1
3
5
3
3
5
2
3
3
3
8
4
2
4
3
4
5
2
4
2
4
5
3
13
13
2
2
5
4
2
2
3
1
2
11
3
2
2
3
2
1
5
6
2
3
2
3
2
2
3
1
3
4
3
4
2
6
2
3
2
2
1
3
2
1
2
2
5
2
3
4
2
2
1
1
2
6
5
2
2
6
7
3
4
3
2
2
3
1
4
3
5
2
2
5
2
4
2
2
2
2
3
2
4
1
4
3
3
1
2
1
2
4
2
7
2
3
2
7
2
2
5
1
1
2
4
2
3
5
12
5
1
2
2
2
7
2
3
3
1
3
2
2
2
3
3
2
2
3
5
5
1
1
2
2
2
3
4
2
7
1
3
8
3
2
6
4
2
1
2
3
2
2
2
2
2
4
3
3
2
8
1
2
5
3
4
2
4
4
3
1
5
3
9
3
1
7
4
2
3
2
5
3
2
6
6
2
3
3
4
3
2
18
2
5
1
2
9
5
1
4
2
1
3
4
2
2
7
1
2
2
2
7
2
2
7
2
2
8
3
2
3
1
2
16
5
2
2
4
3
5
4
9
4
3
2
3
2
4
2
2
10
2
1
3
6
2
2
3
3
2
2
5
2
2
4
3
5
4
2
1
4
3
3
2
2
4
1
2
2
3
5
19
1
3
1
5
1
5
3
3
2
4
5
2
4
1
2
22
2
1
2
2
2
2
4
2
2
1
2
1
2
2
4
2
4
4
4
3
3
2
3
3
3
3
3
1
2
6
8
5
6
2
1
4
9
3
4
5
9
4
5
2
2
7
3
4
2
2
4
10
2
2
31
4
10
4
3
12
5
1
3
2
4
4
4
24
14
2
2
2
3
2
2
7
2
3
4
4
2
2
2
4
2
5
14
2
2
4
9
4
3
1
2
4
8
2
2
3
9
2
4
3
3
2
3
3
6
2
3
5
8
2
2
2
2
7
7
5
2
2
3
3
5
8
5
4
2
5
7
6
5
4
5
2
4
2
11
3
3
4
7
5
8
6
3
7
3
4
5
2
3
3
4
4
3
5
4
3
7
4
3
4
3
2
1
5
2
5
2
3
4
1
6
3
5
28
8
3
5
4
2
3
13
3
3
2
5
3
2
6
7
7
12
3
3
8
4
2
3
9
3
3
4
7
7
11
4
2
5
2
6
3
2
5
2
16
2
5
4
2
4
2
2
3
3
1
4
2
2
1
2
2
2
2
6
3
2
2
2
2
5
8
3
12
1
3
2
2
5
2
3
2
3
2
2
6
3
2
5
4
2
1
2
5
2
5
2
1
2
5
3
6
3
2
2
2
2
2
3
2
2
6
2
2
2
2
6
4
2
4
2
3
2
6
8
5
2
3
2
4
3
3
2
2
7
1
2
2
3
2
2
3
12
13
5
2
8
2
2
3
5
2
5
7
1
8
2
2
4
2
2
2
12
2
2
5
5
3
2
1
3
2
2
2
4
3
3
2
2
