62
36
16
99
14
15
1460
8
216
117
961
134
16
138
174
9
228
132
61
651
356
347
63
94
49
77
11
69
170
13
3342
91
35
146
45
120
6
236
211
128
424
139
156
154
43
19
372
25
41
20
2241
104
42
25
150
30
117
223
118
81
233
13
19
189
67
40
411
13
1019
36
134
54
127
28
43
18
167
26
28
10
16
67
120
340
79
29
93
89
142
34
52
26
202
20
72
155
192
58
110
30
19
34
185
309
201
63
82
37
154
295
36
26
43
21
29
465
82
293
16
287
499
1251
6
99
1029
7
10
72
93
193
20
17
336
1672
99
48
160
567
83
12
63
24
8
579
845
13
439
120
13
67
30
16
166
114
11
255
210
109
116
74
33
337
6
30
103
48
72
323
641
283
86
84
96
9
125
48
32
155
28
45
133
69
25
330
81
18
1806
32
86
49
170
13
54
191
21
266
22
41
148
46
17
246
133
58
243
221
5
9
476
434
76
96
74
138
47
417
13
13
96
62
43
7
141
172
114
34
20
46
94
18
30
90
213
35
15
4
7
52
1370
74
13
138
11
169
18
100
188
137
26
24
26
22
58
464
349
97
113
61
66
86
109
69
108
28
110
28
134
118
21
36
88
267
68
73
41
11
109
235
309
52
10
2
48
94
57
185
60
36
7
339
215
82
372
124
93
10
548
552
170
68
284
41
41
149
62
135
465
20
130
69
115
35
64
61
246
170
48
63
81
237
168
55
697
12
94
38
42
17
95
790
104
23
11
35
276
7
22
6
61
58
53
9
56
677
45
199
9
13
92
26
146
339
178
277
75
551
251
80
35
273
24
15
48
896
43
200
2087
71
1190
114
168
598
101
144
59
18
236
3008
439
119
321
88
476
294
367
18
435
39
610
143
27
136
42
27
32
361
37
203
3307
348
376
26
14
27
170
20
418
211
35
68
45
133
6
41
46
119
76
892
85
14
12
228
93
91
118
66
44
44
125
95
175
245
13
123
11
10
98
6
1124
476
8
10
41
184
40
23
29
145
128
6
203
942
52
491
89
179
136
167
15
190
267
48
37
167
68
19
23
63
85
308
53
6
34
90
178
76
207
167
14
53
165
31
68
84
43
1273
85
6
10
9
38
27
101
12
4
8
20
42
109
185
74
15
175
30
48
112
139
191
325
34
60
387
261
134
62
132
351
10
9
16
684
17
213
45
34
43
1705
18
111
18
93
80
25
93
350
113
1030
578
468
194
34
4
43
57
141
40
7
53
368
17
60
292
292
72
63
39
95
135
86
85
409
525
96
21
78
37
211
38
160
63
14
118
612
13
131
43
152
30
1277
25
24
195
9
35
627
214
217
8
40
274
61
8
515
922
444
17
262
127
24
207
230
2181
465
107
24
405
107
44
109
74
37
54
259
220
44
47
779
9
16
55
10
12
42
31
5
107
288
1130
93
22
54
28
252
109
369
146
32
61
7
40
147
91
28
66
83
121
12
244
38
127
253
413
212
316
13
3
48
52
130
439
670
65
44
41
247
453
707
183
301
56
68
34
17
78
323
17
420
73
29
34
67
41
224
11
58
822
46
1149
544
323
154
67
68
235
612
141
104
41
20
256
507
273
506
74
59
818
85
41
7
8
59
412
94
15
840
26
29
203
12
329
48
99
101
56
680
89
235
111
115
66
63
149
47
48
317
4
213
28
438
138
7
232
1342
1186
3327
131
195
45
142
173
97
184
57
73
222
38
16
109
84
41
351
507
551
56
59
2059
207
497
52
158
14
929
225
127
37
34
335
15
401
63
142
678
98
35
1206
138
60
92
49
2334
1005
75
48
178
31
469
190
359
174
45
190
37
153
132
49
42
563
105
34
29
196
285
41
51
25
836
23
178
121
51
16
279
8
4
8
811
22
58
81
61
5
408
20
13
33
63
52
142
75
316
170
202
10
162
186
63
554
510
36
1003
136
102
5
102
26
124
229
9
1004
190
195
285
16
3
12
164
79
132
78
47
86
77
46
13
21
193
679
153
21
224
345
533
434
85
413
629
1006
96
110
106
9
26
464
2046
68
162
3
57
484
95
18
573
132
110
92
367
461
42
120
66
68
170
1875
12
64
68
251
1823
24
1402
48
18
365
51
24
54
7
1100
16
15
1356
7
15
190
62
63
30
72
112
398
82
72
212
16
68
231
96
738
76
418
22
336
258
179
20
106
58
211
2454
208
953
247
140
81
13
293
54
4950
78
150
73
20
27
1285
13
1076
49
34
1097
108
7625
8
147
18
44
39
903
100
13
132
123
1300
266
1026
34
167
35
46
45
4324
