5
5
4
2
2
12
18
13
3
7
5
8
7
10
3
7
10
3
5
16
4
2
2
5
7
15
5
2
11
5
7
8
12
7
9
11
33
4
4
3
2
4
13
4
16
1
2
8
13
4
3
1
3
11
2
6
26
12
4
8
3
7
3
16
3
12
6
5
4
6
4
7
17
9
7
10
20
6
3
2
3
15
2
45
4
10
3
36
14
6
46
1
4
9
4
2
8
10
7
7
6
3
6
10
12
17
10
3
20
4
2
7
6
6
5
3
2
5
3
2
4
7
1
4
4
2
12
4
15
23
39
6
2
5
14
3
65
3
15
6
7
7
30
13
24
6
2
29
6
11
6
11
9
4
11
13
10
8
17
18
10
5
15
6
4
5
6
3
4
5
2
7
6
4
4
5
17
9
3
7
3
3
19
5
15
5
12
12
4
16
7
9
29
15
5
5
7
8
22
21
15
10
5
9
6
9
9
6
6
15
4
21
7
4
6
11
6
8
7
3
10
3
6
4
6
12
2
3
9
8
7
5
17
2
4
3
8
5
5
4
8
15
3
19
3
4
2
13
5
19
10
4
19
1
2
10
2
6
3
5
7
23
6
19
9
2
2
8
9
2
2
4
4
8
3
5
5
3
3
2
6
3
3
17
10
2
5
13
2
4
4
17
5
5
3
7
9
27
5
3
12
7
13
19
4
11
1
2
23
12
4
5
2
6
25
3
4
16
11
3
21
3
10
4
3
3
9
2
1
3
55
11
4
4
14
5
12
2
3
6
4
3
2
4
3
7
5
3
3
3
3
4
4
2
3
9
3
4
2
3
3
10
6
3
6
12
2
11
5
5
8
3
14
4
4
9
2
12
8
10
3
16
4
20
4
6
3
18
35
10
28
3
3
13
9
4
5
4
10
7
7
8
4
18
5
8
1
7
6
4
4
3
8
2
13
11
2
16
2
9
18
15
2
8
2
13
4
12
14
8
4
3
10
6
12
4
7
7
5
5
15
28
7
14
16
9
14
11
8
13
8
10
5
3
35
3
3
7
12
4
4
4
5
3
3
14
5
12
5
3
4
8
28
4
3
4
2
8
4
5
4
7
5
8
3
8
2
13
27
2
13
5
20
3
20
10
5
9
4
10
9
5
7
4
2
2
22
3
2
14
2
3
19
3
2
20
6
11
4
9
113
17
14
3
7
5
4
3
21
3
2
4
6
5
6
5
6
4
16
5
7
6
7
9
39
6
3
3
3
2
11
27
6
5
11
11
10
9
4
11
5
4
10
13
19
18
8
7
21
12
4
11
22
12
13
18
8
4
6
10
7
7
19
7
6
8
6
4
3
6
12
32
9
4
2
20
4
3
10
9
4
9
15
2
7
10
5
6
9
9
4
4
7
7
3
4
10
7
15
20
7
8
6
14
4
13
3
10
10
6
10
10
8
7
4
30
7
15
16
51
7
2
6
19
7
2
3
9
7
6
3
3
4
6
2
9
7
14
6
3
5
4
5
7
33
5
8
4
3
61
6
3
3
43
5
4
5
3
2
11
10
6
28
2
3
8
5
5
12
12
9
9
7
15
15
9
4
5
5
4
2
10
7
28
5
5
51
10
3
4
3
3
9
23
5
14
29
5
9
4
13
3
4
4
5
6
8
6
6
10
24
18
7
4
6
5
12
3
23
15
5
11
4
10
22
40
20
10
4
9
11
29
3
17
14
12
6
3
18
25
96
12
23
3
19
7
2
16
32
6
5
19
12
6
7
11
52
4
18
7
6
27
4
3
5
19
2
14
9
8
13
2
6
6
11
7
6
3
4
2
18
16
5
3
4
3
27
4
28
9
8
5
5
6
10
10
4
17
3
5
3
7
10
4
15
30
2
3
12
5
16
7
4
7
8
4
6
6
6
11
24
4
6
11
4
12
13
5
8
6
18
6
53
9
8
4
5
5
7
9
9
2
2
12
35
10
21
13
26
5
9
4
29
5
3
21
5
16
2
3
10
18
7
4
8
7
7
15
10
12
3
4
2
4
7
15
21
5
4
3
39
7
4
5
8
14
15
6
4
6
6
13
10
2
7
10
6
46
5
4
4
3
3
7
7
4
2
3
3
4
3
4
6
2
15
9
3
5
4
4
10
6
8
7
1
4
4
10
1
7
4
4
5
7
2
4
3
6
6
9
4
3
8
4
4
2
39
2
8
20
6
2
11
4
5
16
16
6
5
13
3
3
27
2
7
2
5
3
3
5
1
6
2
5
63
3
2
16
4
3
