2844
1272
5249
242
4250
655
26021
66
1705
16439
8957
5945
2141
12992
76
284
3768
1294
7771
125
12267
883
2264
861
915
119
70
462
3236
391
313
20031
17
396
4843
352
8168
225
1333
158
4290
123
321
81
12441
11348
99
1758
411
71
1046
1721
2481
2751
251792
490
1824
271
4158
547
693
1642
31965
491
2445
351
146
5748
663
138
474
928
1019
3670
136
188
8384
2348
152
743
107
298
285
48288
218
38
17802
126
2494
1038
1104
41
528
704
4173
200
7337
1139
598
16020
15183
1277
646
4690
846
5919
7005
1776
4133
15763
408
147
409
6547
550
35489
1114
1367
3838
52
14606
5042
635
66
58
510
533
1095
972
50
1409
932
445
14063
1841
16964
2054
11902
3617
540
1522
1769
7331
5028
12085
270
1653
863
6376
5696
49
167
3754
112
38
39435
276
523
3179
183
25
51
113
67
5538
1898
335
1865
400
3595
225
469
5805
475
10
189
1322
4028
70
754
259
534
103
3934
235
200
6052
329
163
14454
1674
469
765
103
68
815
1382
2442
58444
9953
19573
1509
1857
533
218
14254
84
26
5765
606
1370
12
96
589
1872
235
6955
225
1432
2492
3333
1604
9104
1499
1108
71
318
204
132795
907
411
594
739
662
353
27122
22486
1025
127
5011
146
315086
209
248
10244
1465
161
3481
51
62
2114
669
13221
7162
1431
120
2476
9369
70
848
2846
1002
79
7375
186
759
52
484
6
420
387
1358
12
279
1392
1989
345
353
201
115
49
262
5726
55
325
388
3872
12746
99
159
8
6630
373
348
2899
449
147
270
1547
121
1736
4722
234
135
215
3464
219
5206
213
1982
2118
212
390
238
77
1275
134
107
105
166
2118
1610
872
508
386
8647
13324
356
711
204
1914
1219
533
2875
188
111
839
181
69
611
995
589
529
4786
5142
2222
651
1922
30232
4107
1300
2913
1701
121
10186
1600
2558
41073
2672
444
4793
341
320
3461
227
178
506
1625
3233
848
1096
192
1954
183
646
301
7056
573
160
7654
383
297
463
320
257
9836
5386
454
191
307
4320
484
397
50
52
143
57
3449
39
5231
202
410
322
24140
372
254
507
3675
617
190
1017
3808
7783
414
1201
777
75524
3915
1857
36
2251
49
1163
169
4084
2151
3830
38
766
394
5740
1043
266
3733
7218
23680
73
15281
28353
255
41
68621
7051
191
407
1087
9148
1079
326
174
3174
2745
564
166
60
3836
1951
19
4068
63
73
33456
612
23631
9047
230
281
8230
620
1159
1494
15
71
271
116
10526
5058
5532
7609
2250
55
12038
338
2805
84
207
4221
1572
4283
265
2342
3213
2316
25
1659
5331
4004
197561
992
2236
175
1389
539
705
776
7732
135
2807
788
62
20942
1948
3901
226
625
6183
289
1803
2725
9860
154
387
2927
444
131
54
107
207
7649
15752
2822
1743
1144
783
768
48
9507
2097
661
751
1289
2422
118
881
1016
61
766
2274
93
811
122
1069
22096
1353
652
2290
44058
1327
2684
6359
13348
1342
122467
396
1227
1812
375
53
16
1117
1373
3881
2033
16525
4524
582
1786
68
5791
1612
8650
7418
425
2135
2790
91
278
4922
181
17072
1438
1255
11379
24
151
75
3950
478
39
2585
7620
48
4488
2797
154
498
18
651
6317
1468
336
3609
90
1071
225
151
485
1440
4213
326
3901
192
11377
863
2326
193
1261
50774
63
316
174
305
114
502
569
20
88
85
130
1042
261
209
43
30679
104
2962
37
458
61
2596
672
242
72
675
766
216
230
12
6736
5055
82380
29
70
109
26902
34314
64
17733
432
16
346
192
610
2919
1412
32233
245203
8546
122
230
433
193
1745
1843
11
296
255
1239
19521
131
47
7400
12774
13633
254
620
319
724
2410
184
296
1847
65
1627
1374
1366
95
70067
289
343
121
2594
110047
1215
412
4219
207
2008
311
1553
13338
1697
4995
381
8177
1262
186702
2289
2254
833
1458
11153
179
1711
13104
381
5814
926
4257
7581
730
870
2811
1149
4329
3846
13437
182284
25
3699
23220
498
3098
7436
1288
3501
7959
48
129
408
978
1440
32
468
322
793
1652
1277
2497
270
7453
29102
210
749
491
31794
378
626
2491
170
589
107
212
3795
14741
37
306
9652
75
2268
3348
1514
142
751
4357
149
8627
4778
910
704
7497
6006
404
858
571
997
5500
1740
39
47
1798
91
67
377
48
2479
1527
553
4907
3942
40
75
107
760
121
6468
455
7874
854
83
3991
207
307
2679
1277
2298
1948
3954
39
34
1799
602
2539
435
81
193
144
758
3804
17733
559
20772
118
468375
141
5462
678
1440
34
6928
25
34424
4153
731
538
3216
863
13214
3765
1993
62118
853
1153
85
163
1243
75
2633
385
892
1861
14506
919
2990
1719
635
11197
401
29557
5482
6274
70
670
6984
1421
1797
16
2971
61182
2547
879
315
38689
505
7154
1821
70
45
3004
2941
590
530
989
14035
900
134
205
2270
9890
11588
38
387
1271
1151
8650
145
3232
1992
66
531
287
2090
1122
116
3420
73
110
287
4368
1361
1647
49251
91
2808
5185
160
2856
540
1163
121
719
909
1869
7967
865
8611
163
9920
134
18678
192
92
257
143
5310
894
27162
2066
1301
2064
92
375
2040
890
284
814
916
514
325
144
14494
1381
311
8857
126
3100
43077
395
149
61585
399
141
9836
2314
796
9310
330
1343
182
107
