54
33
20
9
3
8
36
9
14
6
87
74
4
19
83
22
8
11
5
72
49
2
10
11
22
24
25
15
18
28
9
11
19
77
4
36
11
6
33
13
31
9
9
40
10
19
26
6
64
12
12
69
97
15
6
10
6
20
6
21
5
72
12
22
3
29
4
8
38
16
12
3
9
17
75
72
12
46
10
28
10
19
7
8
2
63
5
6
12
28
32
7
15
25
15
9
10
2
24
23
184
16
5
18
4
35
69
4
10
4
4
61
12
27
7
6
3
50
18
8
6
27
9
4
51
14
4
4
3
12
14
46
4
40
5
6
19
129
8
15
2
7
7
13
18
11
16
3
19
19
9
3
15
5
5
10
46
13
2
6
13
12
6
66
7
27
27
24
19
33
6
19
12
23
22
3
14
16
4
13
20
7
8
6
33
20
162
12
12
9
20
192
54
7
27
11
18
69
17
4
21
30
10
3
17
26
6
29
11
47
8
17
9
6
3
26
59
19
53
18
21
6
113
2
20
23
31
15
8
7
7
16
27
38
11
17
38
10
29
79
5
33
3
11
9
53
22
10
5
8
9
3
56
13
147
6
8
16
5
11
36
14
22
26
8
4
15
19
20
12
11
12
41
39
20
150
8
50
9
5
26
46
17
60
10
12
23
16
23
27
16
28
21
44
70
166
29
101
8
8
3
13
15
12
13
24
13
93
15
7
10
4
5
13
33
14
18
6
13
27
10
11
6
40
32
16
21
12
24
6
4
110
20
4
52
19
47
17
4
6
3
51
28
18
3
11
10
35
4
3
43
7
4
12
4
13
18
29
30
23
10
6
22
3
16
3
68
16
13
10
7
14
97
17
38
11
6
15
11
18
6
8
4
12
4
8
27
11
12
34
17
45
45
22
13
10
10
20
5
27
4
58
12
3
4
3
59
33
21
8
4
23
64
8
16
6
16
29
19
4
7
9
12
28
24
12
34
47
16
9
8
14
54
17
24
3
5
10
9
13
21
52
10
71
5
7
4
22
8
10
35
222
151
33
4
3
9
9
11
20
10
15
136
41
17
369
42
29
3
43
8
25
15
24
11
6
10
3
33
10
19
6
67
15
3
17
18
73
8
7
5
31
9
37
12
3
13
25
11
26
11
35
8
6
17
10
17
42
3
2
16
4
153
12
22
6
3
6
6
9
4
27
93
36
96
14
38
2
10
73
16
36
19
7
31
7
17
4
4
36
15
72
39
4
20
49
22
12
8
18
25
41
8
13
5
14
9
19
10
5
6
54
10
11
23
22
34
5
4
33
10
23
16
2
6
12
16
12
24
35
16
80
16
10
45
5
10
8
15
70
15
115
3
5
4
47
80
8
12
76
44
10
6
8
22
132
114
51
21
7
19
3
19
5
6
14
12
28
4
6
98
18
6
15
8
5
11
22
5
48
17
36
14
37
27
41
10
143
25
7
17
109
3
105
28
28
12
3
66
7
4
4
2
36
15
3
10
2
14
10
2
34
11
89
18
31
15
5
26
30
5
5
19
22
7
42
22
58
6
6
38
33
26
11
8
16
3
4
11
29
12
4
14
2
403
4
62
19
100
38
34
4
11
15
30
45
30
40
4
115
10
13
16
73
5
61
89
140
17
18
10
21
13
7
34
11
3
4
21
12
5
79
5
39
7
70
17
15
13
39
37
26
12
89
7
8
3
7
7
31
46
59
4
7
36
7
51
45
34
4
5
61
62
17
3
6
16
6
26
68
10
7
27
52
10
4
2
15
24
5
6
47
10
10
8
6
7
9
14
36
22
33
107
6
16
16
15
12
7
21
12
27
25
60
113
148
31
20
6
65
13
46
13
3
3
6
23
11
29
10
20
40
66
4
21
119
9
14
65
15
17
37
29
18
26
7
96
7
4
2
8
21
17
3
25
30
22
6
4
8
7
4
40
6
4
45
18
52
21
17
68
13
52
8
18
30
13
52
16
8
18
15
3
27
14
9
20
26
13
5
20
7
4
30
9
56
3
12
168
25
24
39
7
12
3
29
51
13
8
15
22
22
64
27
4
4
6
12
16
14
4
15
107
2
32
8
4
17
52
10
13
12
24
44
53
4
54
4
20
3
76
20
21
14
47
32
55
21
17
9
5
10
13
13
15
18
30
7
3
134
61
7
11
32
10
22
14
83
3
23
7
3
30
61
17
24
8
11
11
16
5
9
2
18
5
20
37
25
156
15
3
19
13
13
7
134
14
44
6
37
33
3
139
14
43
23
24
6
98
13
53
25
94
26
26
18
1115
19
87
22
528
1842
634
802
20
17
18
27
27
25
99
17
14
60
58
23
13
14
44
13
15
1278
13
95
356
24
14
43
19
16
18
31
37
31
14
2133
17
30
17
15
18
548
397
16
18
70
20
85
296
96
15
19
10016
19
60
92
53
1797
26
19
15
20
304
362
36
24
2295
24
18
16
24
35
12
25
20
18
17
15
19
17
24
19
185
18
30
44
90
104
106
611
99
27
16
37
26
30
2060
12
44
840
29
15
127
46
17
4602
356
433
460
18
777
553
22
17
14
146
49
12
208
24
21
18
81
16
100
3231
26
122
825
101
22
26
105
17
3565
89
243
20
374
44
21
26
1071
16
17
23
21
27
22
12
12
21
42
18
14
151
22
245
131
19
78
138
17
20
14
21
13
1205
28
17
63
56
27
15
21
21
130
19
52
4392
39
141
67
21
28
20
182
38
25
298
73
22
267
17
25
13
16
17
17
16
17
12
41
25
16
77
12
16
14
15
414
20
658
42
22
18
84
20
16
18
37
18
25
17
10
233
16
22
15
1497
21
19
21
12
24
460
12
27
18
25
15
223
28
15
297
16
100
21
22
19
42
41
19
64
25
17
19
103
17
14
20
25
17
100
24
15
110
24
74
33
19
72
18
13
20
39
18
13
13
17
10
752
22
40
197
99
18
91
19
13
15
1519
13
15
53
16
17
69
56
215
19
43
100
46
18
215
15
45
26
22
117
12
249
156
16
40
4018
26
38
17
145
38
37
29
25
41
61
21
25
30
31
24
16
15
20
15
210
25
20
21
22
15
12
38
9
13
37
2457
75
111
18
24
17
20
28
14
12
14
516
44
18
18
15
14
13
43
20
121
28
173
22
11
23
95
10
2866
56
145
21
20
1198
139
17
20
21
17
29
21
17
12
15
19
16
558
22
14
14
31
27
65
96
120
22
16
17
18
9853
30
29
16
29
25
20
29
1194
30
58
22
19
15
1077
43
15
65
930
19
14
13
16
15
21
24
17
34
123
22
149
22
12
19
21
109
37
14
16
1144
512
12
12
25
21
31
29
2659
187
12
19
92
19
17
80
13
18
80
47
134
10
247
16
696
11
16
22
13
29
15
20
16
71
20
665
13
32
13
22
784
195
18
29
19
26
11
116
20
24
66
14
35
78
32
26
658
179
77
26
21
25
19
11
37
36
41
967
14
14
25
17
30
19
16
120
119
14
73
73
15
18
86
45
16
32
29
25
208
181
12
16
22
39
256
48
287
210
331
68
15
17
428
20
59
1590
137
14
22
49
15
28
18
14
24
20
15
38
124
94
19
19
14
46
92
159
19
22
58
456
14
15
59
27
26
36
430
2951
15
13
24
14
26
15
25
22
16
64
12
22
190
16
199
25
16
103
711
17
17
34
56
152
353
174
48
27
11
100
29
23
16
56
20
16
34
18
101
40
16
18
14
17
14
16
174
35
73
18
533
15
15
13
158
21
19
37
15
24
16
19
39
19
10
256
1587
18
10
18
13
124
775
21
14
65
19
104
21
31
25
43
20
15
12
25
17
123
16
128
22
14
61
24
55
1485
38
24
35
633
14
57
17
61
19
152
14
34
16
22
95
462
18
18
207
12
123
19
18
15
13
14
113
18
71
26
16
22
14
431
17
65
412
20
33
481
19
100
15
38
17
35
119
16
16
1364
49
96
10
30
30
1132
22
20
1285
21
1190
24
30
28
119
141
19
102
13
19
17
12
23
20
28
17
29
13
61
759
18
66
17
29
16
143
13
127
13
806
12
21
18
13
62
643
15
15
49
11
247
17
14
20
12
20
41
29
259
22
243
15
63
127
204
35
38
35
22
14
15
221
41
21
23
18
505
77
26
18
15
15
16
38
16
21
2037
32
22
55
10
267
45
14
332
67
20
24
21
13
20
548
17
86
18
17
29
19
134
16
106
51
38
45
2382
55
14
72
357
18
36
21
20
21
115
120
683
20
94
22
17
210
21
24
14
25
65
17
20
69
90
11
17
26
24
18
39
19
28
20
84
63
12
19
11
112
20
12
16
16
81
16
77
642
22
15
16
31
12
21
340
20
169
16
18
86
21
22
124
23
24
21
25
13
19
20
39
368
347
17
123
10
722
55
49
30
21
46
24
211
20
58
25
40
32
1597
16
14
180
132
39
104
265
18
83
19
22
14
212
53
33
32
17
13
20
18
363
17
23
93
408
38
18
104
62
86
283
18
55
15
27
16
142
37
85
26
991
32
129
32
103
13
43
25
18
125
840
67
70
24
10
