9
13
11
18
15
8
205
11
20
39
25
16
10
23
12
9
58
52
9
49
13
15
25
29
21
16
14
26
24
11
1108
52
21
45
20
23
8
21
14
8
9
7
10
10
13
14
12
10
21
12
21
16
18
16
36
11
36
17
24
8
11
14
12
39
14
12
99
14
12
17
15
19
12
18
21
10
25
9
19
12
12
10
20
22
32
12
38
27
34
16
24
11
17
16
70
55
18
18
8
12
24
18
102
14
16
28
9
18
12
100
10
19
12
8
14
162
34
94
12
33
15
394
11
17
39
16
11
24
11
34
18
16
12
21
33
22
32
9
38
8
11
21
16
48
194
20
146
13
9
20
16
13
60
26
6
23
84
9
37
10
11
189
11
17
10
16
10
142
199
26
48
135
19
14
34
10
18
70
7
15
11
32
13
22
20
13
15
16
41
24
40
11
9
9
10
88
17
17
8
22
6
95
54
13
57
68
9
15
38
157
11
13
33
47
15
153
10
7
36
21
20
13
52
32
41
18
18
11
41
15
14
9
10
12
11
8
8
14
174
25
12
30
17
60
10
10
53
25
9
14
13
15
12
14
29
9
8
13
20
10
31
13
7
17
19
10
11
37
12
14
32
11
18
13
10
7
17
13
21
9
11
6
11
24
8
14
23
9
13
108
27
21
15
12
29
11
102
20
9
30
31
24
16
11
28
36
12
11
14
11
26
7
14
25
20
34
7
19
12
8
20
17
226
11
9
16
15
6
42
137
31
15
9
18
101
12
13
7
9
9
23
9
18
24
13
48
9
13
8
10
46
18
66
91
16
16
22
30
12
96
8
9
27
15
20
68
720
30
160
34
30
13
11
11
16
11
17
45
113
45
58
20
24
39
21
16
44
26
38
9
27
68
6
16
11
41
11
10
367
67
15
12
19
16
16
10
8
72
17
7
26
30
11
21
17
26
18
279
15
14
12
12
37
35
11
15
7
26
22
22
57
12
12
46
12
9
15
10
69
169
10
11
11
40
8
12
15
16
58
8
59
73
24
10
21
69
84
25
8
102
40
17
23
79
31
37
19
27
18
41
20
8
19
20
12
30
11
21
15
21
63
19
36
12
20
501
34
10
9
7
21
15
9
36
9
11
8
25
107
84
16
11
144
18
11
15
31
32
33
20
21
16
47
47
13
25
124
15
14
8
65
16
81
26
16
10
15
10
14
9
11
12
14
14
30
11
362
186
14
12
18
12
21
25
7
12
10
27
9
11
25
11
104
9
13
18
6
23
13
7
102
27
7
14
32
10
27
13
57
8
12
14
216
15
9
11
44
8
113
15
6
76
13
8
135
29
72
13
6
7
10
10
8
11
46
9
83
39
14
55
15
464
82
7
12
58
33
19
37
12
12
10
21
9
12
10
9
9
11
7
11
9
11
14
12
10
12
14
16
12
14
11
33
15
78
11
7
15
11
10
15
8
11
19
21
8
13
72
8
38
74
14
58
34
14
12
28
29
11
170
22
18
10
15
82
11
12
13
123
19
7
7
10
20
18
11
16
9
12
10
30
12
13
10
24
57
14
30
139
154
8
20
34
20
12
15
57
15
18
56
276
38
15
36
20
11
7
14
9
14
31
9
14
8
25
14
11
35
12
63
14
14
12
22
26
24
23
29
14
28
14
15
22
19
8
13
30
15
13
12
6
14
36
17
12
25
15
13
12
44
24
26
9
20
21
31
16
43
17
11
43
14
14
20
22
667
13
137
42
21
13
12
10
52
20
14
9
14
113
38
44
41
16
21
33
30
21
31
15
16
28
19
9
29
19
15
28
108
13
11
42
8
21
19
11
21
21
24
13
11
32
7
21
15
7
29
11
11
51
18
12
32
11
9
10
17
6
17
10
28
9
16
14
18
12
12
12
28
7
18
60
77
13
19
8
31
14
9
15
15
14
12
12
9
18
12
88
11
24
30
8
95
16
11
9
16
20
17
7
12
9
25
24
9
12
19
232
8
14
12
10
27
9
8
14
18
14
11
15
14
8
12
62
49
32
18
10
13
13
12
12
42
55
42
13
27
92
11
15
13
28
55
17
6
17
15
8
136
7
47
11
14
103
23
14
13
12
338
13
11
11
12
16
9
27
23
11
25
24
22
10
15
52
10
14
10
20
16
37
10
12
11
48
11
9
11
35
20
30
16
13
39
24
10
12
74
19
31
27
10
13
16
9
16
16
75
20
20
9
11
352
10
19
12
15
8
42
11
10
10
26
64
49
37
11
20
8
10
19
14
40247
