52
29
23
7
3
7
33
9
10
11
185
108
5
32
107
22
23
24
12
111
46
2
9
11
20
26
27
12
16
32
13
18
18
69
6
44
20
10
56
16
45
9
9
61
15
29
38
7
127
24
16
99
170
17
14
19
16
35
25
41
7
103
18
36
5
63
5
11
50
13
11
3
8
16
74
69
12
44
7
26
11
22
8
6
2
61
5
6
17
30
32
8
12
23
15
8
9
2
21
22
182
14
4
20
4
34
68
4
9
4
4
55
15
26
7
6
3
43
15
7
5
22
10
3
44
12
7
3
2
11
12
40
3
33
4
4
20
127
5
14
2
7
5
13
17
10
17
4
16
16
8
4
14
5
5
12
44
12
3
6
12
15
5
59
14
25
24
20
18
25
7
28
10
20
20
4
12
14
3
18
16
7
7
8
48
18
165
11
11
6
20
259
55
7
25
10
15
88
19
4
19
49
14
6
16
24
5
26
10
43
6
20
8
6
3
38
59
18
54
14
30
6
113
2
17
25
40
14
7
8
6
16
28
33
18
16
45
14
42
77
4
31
3
14
9
64
24
7
7
8
7
2
56
14
150
8
9
16
3
10
38
14
23
21
9
3
25
27
19
12
14
10
50
85
19
150
8
47
9
9
41
39
16
90
12
11
22
19
18
37
30
28
28
41
74
227
49
132
6
9
6
12
16
11
12
28
13
170
23
7
9
6
5
12
31
18
12
5
14
29
12
8
5
36
34
19
19
11
25
7
3
163
19
3
57
18
42
16
5
6
3
59
30
29
3
10
13
30
7
3
40
6
3
10
4
14
21
42
39
24
9
6
18
5
13
3
62
17
13
11
14
11
84
24
47
11
6
14
12
21
7
8
5
14
6
13
20
9
9
28
25
38
38
16
15
8
18
20
10
44
4
75
11
3
3
4
51
34
20
7
5
27
87
11
13
5
16
27
18
3
11
7
10
34
30
18
37
42
18
8
8
18
47
16
28
4
6
12
9
15
21
43
8
69
5
5
4
20
8
9
38
247
149
32
4
2
10
8
10
19
15
20
151
40
16
346
41
47
6
43
8
21
21
21
16
7
10
3
46
6
16
7
85
14
5
21
15
70
7
7
6
29
9
37
11
3
18
33
14
27
10
34
12
10
18
8
13
47
3
3
20
5
141
11
17
5
3
6
6
8
5
26
67
47
114
14
35
3
12
65
17
35
24
7
34
9
27
8
4
42
14
69
32
3
29
47
20
15
6
19
41
37
7
12
4
10
9
18
8
5
4
50
14
20
19
28
33
7
4
37
9
21
14
2
7
10
14
12
23
37
22
85
13
9
42
4
14
10
14
62
21
147
3
8
5
95
59
8
11
68
41
8
7
8
25
134
112
54
20
7
17
3
18
4
5
13
14
26
6
16
165
35
8
13
7
6
10
18
5
74
23
49
13
62
25
32
11
158
25
9
14
94
3
166
33
21
11
4
57
6
4
4
3
27
24
2
10
5
23
9
3
29
12
72
15
28
12
4
23
24
5
4
18
20
6
34
17
46
5
4
35
30
20
7
8
12
2
4
9
27
11
3
13
2
281
3
54
21
104
35
33
8
12
17
32
61
57
39
4
109
12
13
14
67
4
57
47
97
13
18
10
21
13
6
26
11
3
3
20
11
5
82
3
46
7
69
16
15
15
41
39
39
15
95
6
8
2
6
7
27
70
58
4
6
30
6
48
59
37
3
5
60
57
16
3
5
18
6
22
61
8
5
22
35
7
4
2
14
22
4
6
45
8
10
7
7
7
9
12
39
24
31
67
5
14
17
14
11
7
21
11
25
24
53
108
137
22
17
5
57
11
37
15
4
2
6
23
11
28
9
18
38
63
4
22
122
12
27
146
29
27
61
29
18
26
9
82
11
9
14
8
22
19
3
27
29
19
10
4
14
7
4
49
8
4
44
15
49
18
14
63
12
49
8
16
28
9
51
15
10
15
13
3
26
15
8
46
37
13
5
18
9
5
29
9
54
4
12
350
26
33
39
7
12
5
39
48
24
12
14
21
23
56
25
6
6
5
10
15
12
3
14
103
2
31
7
4
17
51
9
9
11
22
42
40
3
48
4
20
2
85
23
21
16
35
30
66
21
17
10
6
13
13
13
14
17
26
6
2
138
60
8
11
33
10
24
17
80
3
23
5
3
28
56
15
24
8
10
9
25
4
8
2
21
5
17
36
25
160
14
3
16
13
13
7
142
12
36
6
48
34
4
141
13
43
22
24
7
117
31
